Prediction	Label
1.000000	1.000000
0.000000	0.000000
0.000000	0.000000
0.002210	1.000000
0.000037	0.000000
0.000000	0.000000
0.992003	1.000000
0.000000	0.000000
1.000000	1.000000
0.000000	0.000000
0.000002	0.000000
0.932172	1.000000
0.000000	0.000000
0.999990	1.000000
1.000000	1.000000
0.000063	1.000000
0.992120	1.000000
1.000000	1.000000
0.994638	1.000000
0.995845	1.000000
0.872841	1.000000
0.000018	0.000000
0.000000	0.000000
0.999996	1.000000
1.000000	1.000000
0.999820	1.000000
0.000000	0.000000
0.665903	0.000000
1.000000	1.000000
0.000145	0.000000
0.000000	0.000000
0.000002	0.000000
0.000354	0.000000
0.013083	0.000000
0.000038	0.000000
1.000000	1.000000
0.995614	0.000000
0.000000	0.000000
1.000000	1.000000
0.000000	0.000000
1.000000	1.000000
0.000000	0.000000
1.000000	1.000000
0.999728	1.000000
0.999992	1.000000
0.000000	0.000000
0.999982	1.000000
0.000004	0.000000
0.913745	1.000000
0.987930	0.000000
1.000000	1.000000
0.000010	0.000000
0.000000	0.000000
0.037046	0.000000
0.999999	1.000000
1.000000	1.000000
0.999999	1.000000
0.000000	0.000000
0.000000	0.000000
0.966147	0.000000
1.000000	1.000000
0.000074	1.000000
1.000000	1.000000
0.216584	0.000000
0.000000	1.000000
0.998325	1.000000
0.000000	0.000000
0.999999	1.000000
0.202238	1.000000
0.994766	0.000000
0.999999	0.000000
0.000486	0.000000
0.410733	0.000000
1.000000	1.000000
1.000000	1.000000
0.000424	1.000000
0.000483	0.000000
0.000739	0.000000
0.000001	0.000000
1.000000	0.000000
0.000058	0.000000
0.840865	0.000000
0.999998	1.000000
0.000000	0.000000
0.990900	0.000000
0.000004	0.000000
0.000403	0.000000
0.342803	0.000000
0.000000	0.000000
0.000020	0.000000
0.006184	0.000000
0.000396	1.000000
1.000000	1.000000
0.003234	0.000000
0.999999	1.000000
0.000000	0.000000
1.000000	1.000000
1.000000	1.000000
1.000000	1.000000
0.000000	0.000000
0.000000	0.000000
0.980323	1.000000
0.264883	1.000000
0.000000	0.000000
1.000000	1.000000
0.879581	1.000000
0.000000	0.000000
0.000000	0.000000
0.000000	1.000000
0.999274	1.000000
0.999773	1.000000
0.005440	0.000000
1.000000	1.000000
0.000000	0.000000
0.000000	0.000000
0.000074	0.000000
0.999998	1.000000
0.015024	0.000000
0.025971	0.000000
0.000068	0.000000
0.000001	0.000000
0.450004	1.000000
0.000006	0.000000
0.000000	0.000000
1.000000	0.000000
1.000000	0.000000
0.000000	0.000000
0.000000	0.000000
0.000000	0.000000
0.000000	0.000000
1.000000	1.000000
1.000000	1.000000
0.818261	0.000000
0.056879	0.000000
0.000049	0.000000
0.000036	0.000000
0.999999	1.000000
1.000000	1.000000
1.000000	0.000000
0.000000	0.000000
1.000000	1.000000
0.000001	0.000000
0.994778	0.000000
0.000000	0.000000
0.000000	0.000000
1.000000	1.000000
1.000000	1.000000
0.000009	1.000000
0.000014	0.000000
0.005788	0.000000
0.997478	0.000000
1.000000	1.000000
0.000000	0.000000
1.000000	1.000000
0.999991	1.000000
0.167874	0.000000
1.000000	1.000000
0.999999	1.000000
0.000000	0.000000
0.000002	0.000000
0.999991	0.000000
1.000000	1.000000
0.000000	0.000000
1.000000	1.000000
0.000001	0.000000
0.000024	0.000000
1.000000	1.000000
1.000000	1.000000
0.000000	0.000000
1.000000	1.000000
0.000053	0.000000
0.000000	0.000000
0.000431	0.000000
0.000318	0.000000
0.020709	1.000000
0.000000	0.000000
0.000000	0.000000
1.000000	1.000000
1.000000	1.000000
1.000000	1.000000
0.999999	1.000000
0.999965	1.000000
0.000021	1.000000
0.000001	0.000000
0.000000	0.000000
0.000000	0.000000
1.000000	0.000000
0.000000	0.000000
0.999996	1.000000
0.000000	0.000000
0.001005	1.000000
0.000007	0.000000
0.000309	0.000000
1.000000	1.000000
0.000008	0.000000
0.000000	0.000000
0.999951	0.000000
1.000000	1.000000
0.000053	1.000000
0.871701	1.000000
0.000012	0.000000
0.999998	1.000000
0.000001	1.000000
0.000000	0.000000
1.000000	1.000000
0.000000	0.000000
0.000000	0.000000
0.999735	1.000000
0.000018	0.000000
0.000064	0.000000
0.000019	0.000000
0.000018	1.000000
0.458461	1.000000
0.999959	1.000000
0.195590	0.000000
0.000000	0.000000
0.000000	0.000000
0.999995	1.000000
0.000000	0.000000
0.000182	0.000000
0.517924	1.000000
0.000000	0.000000
0.995683	1.000000
1.000000	1.000000
1.000000	1.000000
0.000000	0.000000
1.000000	1.000000
0.000000	0.000000
0.000026	1.000000
0.000000	0.000000
0.000000	0.000000
0.000000	0.000000
1.000000	1.000000
0.067151	0.000000
0.998156	1.000000
0.000000	0.000000
0.994112	1.000000
0.999997	1.000000
0.999985	1.000000
0.000000	0.000000
0.991849	1.000000
0.000000	0.000000
0.023349	0.000000
0.948541	0.000000
1.000000	1.000000
0.995043	0.000000
0.000000	0.000000
0.000000	0.000000
1.000000	1.000000
0.002578	0.000000
1.000000	1.000000
0.825950	1.000000
0.003175	0.000000
0.000000	0.000000
0.000000	0.000000
0.000000	0.000000
0.000000	0.000000
0.999860	1.000000
0.999173	1.000000
1.000000	1.000000
0.000000	0.000000
0.000000	0.000000
0.987791	0.000000
0.000000	0.000000
0.000000	0.000000
0.000001	0.000000
0.000000	0.000000
0.999984	0.000000
0.000001	0.000000
0.639086	1.000000
0.000000	0.000000
0.999319	0.000000
0.001112	0.000000
1.000000	1.000000
0.342438	1.000000
0.063231	1.000000
1.000000	1.000000
1.000000	1.000000
0.999986	0.000000
0.999999	1.000000
0.000000	0.000000
0.000001	0.000000
0.000524	0.000000
0.947385	1.000000
0.022005	0.000000
0.008546	0.000000
0.028759	1.000000
0.000008	0.000000
0.000051	1.000000
0.000000	0.000000
0.000000	0.000000
1.000000	1.000000
0.000029	0.000000
0.000000	0.000000
0.000000	0.000000
0.000000	0.000000
0.000000	0.000000
0.000000	0.000000
0.000000	1.000000
0.000000	0.000000
0.001901	0.000000
0.996394	1.000000
0.000000	0.000000
1.000000	1.000000
0.030675	1.000000
0.716633	0.000000
0.000000	0.000000
0.630643	0.000000
0.240451	1.000000
0.992863	1.000000
0.000000	0.000000
0.000000	0.000000
1.000000	1.000000
0.026603	1.000000
0.997469	1.000000
0.000001	0.000000
1.000000	1.000000
1.000000	1.000000
1.000000	1.000000
0.720883	1.000000
0.000000	0.000000
0.849592	1.000000
0.323649	0.000000
1.000000	1.000000
1.000000	1.000000
0.000000	0.000000
0.983267	1.000000
1.000000	1.000000
0.999986	1.000000
1.000000	1.000000
1.000000	1.000000
1.000000	1.000000
0.000095	0.000000
0.901227	1.000000
0.000381	1.000000
0.000001	0.000000
0.226087	1.000000
1.000000	1.000000
0.000001	0.000000
0.010356	1.000000
0.999860	1.000000
0.985284	1.000000
0.118698	1.000000
0.000000	0.000000
0.689433	1.000000
0.000000	0.000000
0.000000	0.000000
0.000000	0.000000
0.000000	0.000000
0.000000	0.000000
0.419387	0.000000
0.999938	1.000000
1.000000	1.000000
0.582511	1.000000
0.000010	0.000000
0.000001	1.000000
0.000000	0.000000
0.999984	1.000000
0.986430	0.000000
0.841258	1.000000
0.451074	1.000000
0.000000	0.000000
0.000563	0.000000
0.999996	0.000000
0.000035	0.000000
0.000003	0.000000
0.000002	0.000000
0.001744	0.000000
0.000000	0.000000
0.999999	1.000000
1.000000	1.000000
0.995497	0.000000
0.002653	0.000000
0.000000	0.000000
1.000000	1.000000
0.000000	0.000000
0.009793	0.000000
0.012735	0.000000
0.000000	0.000000
0.000000	0.000000
0.000000	0.000000
0.999994	1.000000
0.000000	0.000000
0.000000	0.000000
0.992673	1.000000
0.000000	0.000000
1.000000	1.000000
0.000000	0.000000
1.000000	1.000000
0.999987	0.000000
0.000000	0.000000
0.000000	0.000000
0.999998	1.000000
1.000000	1.000000
1.000000	1.000000
0.000000	0.000000
0.000000	0.000000
0.000006	0.000000
0.998831	1.000000
1.000000	1.000000
0.000000	0.000000
1.000000	1.000000
0.000002	0.000000
0.000008	0.000000
0.984033	1.000000
0.999561	1.000000
0.000006	1.000000
1.000000	1.000000
0.030751	0.000000
0.000018	1.000000
0.999548	1.000000
0.999990	1.000000
0.000004	0.000000
1.000000	1.000000
0.000000	0.000000
0.000164	0.000000
0.000000	0.000000
0.999999	1.000000
1.000000	1.000000
0.000000	0.000000
0.000003	1.000000
0.999144	1.000000
0.000000	1.000000
0.000000	0.000000
0.999974	0.000000
0.184512	0.000000
0.000000	1.000000
0.000000	0.000000
0.000036	1.000000
0.000000	0.000000
0.999924	0.000000
0.000005	0.000000
0.000064	0.000000
0.999417	0.000000
1.000000	1.000000
0.250662	1.000000
0.999998	1.000000
0.000000	0.000000
0.000000	0.000000
0.000001	0.000000
0.957962	0.000000
0.774562	1.000000
1.000000	1.000000
0.071237	1.000000
0.000000	0.000000
0.000000	0.000000
0.985699	1.000000
0.004162	0.000000
1.000000	1.000000
0.000000	0.000000
0.000000	0.000000
0.000000	0.000000
0.999896	1.000000
0.192072	1.000000
0.208470	1.000000
1.000000	1.000000
1.000000	1.000000
1.000000	1.000000
0.000000	0.000000
1.000000	1.000000
0.000000	0.000000
0.204181	0.000000
0.000268	0.000000
0.009922	1.000000
0.998833	1.000000
0.000000	0.000000
0.001317	0.000000
1.000000	1.000000
0.000000	0.000000
0.000046	1.000000
0.000001	0.000000
0.000309	0.000000
0.015501	1.000000
0.941166	1.000000
0.015120	0.000000
0.000390	0.000000
0.999707	1.000000
0.000000	0.000000
0.020785	1.000000
0.869143	0.000000
0.996793	0.000000
0.999992	1.000000
0.118860	1.000000
0.000000	0.000000
0.000015	0.000000
0.978076	1.000000
0.000443	0.000000
0.999999	1.000000
0.000000	0.000000
0.000000	0.000000
1.000000	1.000000
0.998109	1.000000
0.999999	0.000000
0.000000	0.000000
0.998015	1.000000
0.897372	0.000000
0.000000	1.000000
0.971276	1.000000
0.011552	1.000000
0.921883	0.000000
1.000000	1.000000
0.000000	0.000000
0.999935	1.000000
0.000000	0.000000
0.999971	1.000000
0.000006	0.000000
0.000001	1.000000
0.000000	0.000000
0.000000	0.000000
0.000595	0.000000
0.000000	0.000000
1.000000	1.000000
0.994662	1.000000
0.000478	0.000000
0.000000	0.000000
0.000025	0.000000
0.000001	0.000000
0.998685	1.000000
0.000000	0.000000
0.000000	0.000000
0.000000	0.000000
0.993971	1.000000
0.000000	0.000000
0.000000	0.000000
0.000000	0.000000
0.990005	1.000000
1.000000	1.000000
0.001842	1.000000
0.000097	0.000000
1.000000	1.000000
0.486392	0.000000
1.000000	1.000000
0.000000	0.000000
0.000008	0.000000
1.000000	1.000000
0.977927	0.000000
0.923387	1.000000
0.997289	1.000000
0.999865	1.000000
0.973617	1.000000
0.999999	1.000000
0.000000	0.000000
1.000000	1.000000
0.000000	0.000000
0.000000	0.000000
0.596279	1.000000
0.000000	0.000000
0.999651	1.000000
0.564436	1.000000
0.000000	0.000000
0.999934	0.000000
0.000000	0.000000
0.000000	0.000000
0.000005	0.000000
0.000442	0.000000
0.000000	0.000000
0.000000	0.000000
1.000000	1.000000
0.000000	0.000000
0.000001	0.000000
0.999998	0.000000
1.000000	1.000000
0.380233	0.000000
0.004887	0.000000
0.000245	0.000000
0.998863	1.000000
0.000000	0.000000
0.999984	1.000000
0.957657	1.000000
0.608806	1.000000
0.000109	0.000000
0.000000	0.000000
0.997372	1.000000
0.006279	1.000000
0.971241	1.000000
0.000000	1.000000
1.000000	1.000000
0.883486	0.000000
0.000000	0.000000
0.000000	0.000000
0.000008	1.000000
1.000000	1.000000
0.000005	0.000000
0.000000	0.000000
1.000000	1.000000
1.000000	1.000000
0.013271	0.000000
1.000000	1.000000
0.000418	1.000000
0.460849	0.000000
0.000000	0.000000
0.000000	0.000000
0.000471	0.000000
0.002069	1.000000
0.032597	0.000000
1.000000	1.000000
0.000061	1.000000
1.000000	1.000000
0.963600	0.000000
0.999806	1.000000
0.190681	1.000000
1.000000	1.000000
0.026362	1.000000
0.999934	0.000000
0.999992	1.000000
0.003179	1.000000
0.999986	1.000000
1.000000	1.000000
1.000000	1.000000
1.000000	1.000000
0.000000	0.000000
0.999994	1.000000
0.000663	1.000000
1.000000	1.000000
0.000001	0.000000
1.000000	1.000000
0.039206	1.000000
0.999927	1.000000
0.000000	0.000000
0.999760	0.000000
0.000737	0.000000
0.000000	0.000000
0.000000	0.000000
1.000000	1.000000
0.000533	0.000000
0.000003	0.000000
0.964659	1.000000
1.000000	1.000000
0.999858	1.000000
0.000005	0.000000
0.260491	1.000000
0.000000	0.000000
0.999990	1.000000
0.000002	0.000000
0.000074	0.000000
0.999685	1.000000
0.167940	1.000000
0.000000	0.000000
0.000120	0.000000
0.997092	1.000000
0.000000	0.000000
1.000000	1.000000
0.000000	0.000000
1.000000	1.000000
0.023319	1.000000
0.004944	0.000000
0.000000	0.000000
0.000000	1.000000
1.000000	1.000000
0.000000	0.000000
0.000000	0.000000
0.979650	1.000000
1.000000	1.000000
0.999487	1.000000
0.000000	0.000000
1.000000	1.000000
0.998841	1.000000
0.998492	1.000000
0.999914	1.000000
0.012337	0.000000
0.999322	1.000000
1.000000	1.000000
0.000000	0.000000
0.135460	1.000000
0.000000	0.000000
0.999051	1.000000
1.000000	1.000000
1.000000	1.000000
0.000000	1.000000
0.001007	0.000000
1.000000	1.000000
0.805332	1.000000
0.000004	0.000000
0.037922	0.000000
1.000000	1.000000
0.000000	0.000000
0.004329	0.000000
0.999985	1.000000
0.999100	1.000000
0.000000	0.000000
0.000000	1.000000
0.000000	0.000000
1.000000	1.000000
0.000000	0.000000
0.000076	1.000000
0.000000	0.000000
0.000038	0.000000
0.006081	0.000000
0.001359	0.000000
0.000000	0.000000
0.000000	0.000000
0.000000	0.000000
0.072805	0.000000
0.561799	1.000000
1.000000	1.000000
0.000000	0.000000
0.000000	0.000000
0.000000	0.000000
0.930723	0.000000
0.999865	1.000000
0.000000	0.000000
0.000004	0.000000
1.000000	1.000000
0.999875	1.000000
0.324480	0.000000
0.344863	1.000000
0.999998	1.000000
0.000346	1.000000
0.000000	0.000000
0.000229	1.000000
0.999015	1.000000
0.007333	0.000000
0.003787	0.000000
0.000000	0.000000
0.994342	1.000000
0.999109	0.000000
0.016530	0.000000
0.001586	1.000000
0.000000	0.000000
0.000000	0.000000
0.999064	1.000000
0.999864	0.000000
0.021676	0.000000
1.000000	1.000000
1.000000	1.000000
1.000000	1.000000
0.000004	1.000000
0.000000	0.000000
0.000004	0.000000
0.000000	0.000000
0.999158	1.000000
1.000000	1.000000
0.999646	1.000000
0.257866	1.000000
0.152172	0.000000
0.000000	0.000000
0.999963	1.000000
0.001735	0.000000
0.999996	1.000000
0.700834	1.000000
0.999999	1.000000
1.000000	1.000000
0.000000	0.000000
0.999977	1.000000
1.000000	1.000000
0.972268	1.000000
0.030987	0.000000
0.011832	0.000000
0.986353	1.000000
0.000000	0.000000
0.000000	0.000000
0.000005	0.000000
0.000000	0.000000
1.000000	1.000000
0.999969	1.000000
1.000000	1.000000
0.788448	1.000000
0.000001	0.000000
1.000000	1.000000
0.008886	0.000000
0.999997	0.000000
1.000000	1.000000
0.000000	0.000000
0.999981	1.000000
0.000000	0.000000
0.000271	0.000000
0.000000	0.000000
1.000000	1.000000
0.000014	1.000000
0.562371	1.000000
0.999991	1.000000
0.000000	0.000000
0.999953	0.000000
0.888328	1.000000
0.999918	1.000000
0.000125	1.000000
0.990325	1.000000
1.000000	1.000000
0.000144	0.000000
0.269278	1.000000
0.037590	1.000000
0.000074	0.000000
0.002754	0.000000
1.000000	1.000000
0.992674	1.000000
0.000000	0.000000
0.000000	0.000000
0.000000	0.000000
0.988634	1.000000
0.000002	0.000000
0.010007	0.000000
0.000001	0.000000
0.015377	1.000000
0.999999	1.000000
0.000040	0.000000
0.000000	0.000000
0.000006	0.000000
0.000000	0.000000
0.828077	0.000000
0.001538	1.000000
1.000000	1.000000
0.000000	0.000000
0.022088	1.000000
0.000791	1.000000
0.000133	0.000000
0.826461	1.000000
1.000000	1.000000
0.000116	0.000000
0.000101	1.000000
0.999999	1.000000
0.000032	0.000000
0.000000	0.000000
0.000001	1.000000
0.000650	0.000000
0.999752	1.000000
0.042303	1.000000
0.001075	0.000000
0.107653	0.000000
0.000549	0.000000
0.000000	0.000000
0.000000	0.000000
0.000010	1.000000
0.000000	1.000000
1.000000	1.000000
1.000000	1.000000
0.016459	0.000000
0.000000	0.000000
1.000000	1.000000
0.368295	1.000000
0.000000	0.000000
0.000002	0.000000
1.000000	1.000000
0.997909	1.000000
0.000000	0.000000
0.794500	1.000000
1.000000	1.000000
1.000000	1.000000
0.999986	1.000000
0.861831	1.000000
0.000003	1.000000
1.000000	1.000000
0.999988	1.000000
1.000000	1.000000
1.000000	1.000000
0.000000	0.000000
0.504569	0.000000
0.619729	0.000000
0.005340	0.000000
1.000000	1.000000
0.000062	0.000000
1.000000	1.000000
1.000000	1.000000
0.000000	0.000000
0.000002	0.000000
0.000000	0.000000
1.000000	1.000000
0.000000	0.000000
0.000000	0.000000
0.999993	0.000000
0.123225	0.000000
0.998704	1.000000
1.000000	1.000000
0.056879	1.000000
0.999959	0.000000
0.829349	1.000000
0.000721	0.000000
0.998248	0.000000
0.946358	1.000000
0.000000	0.000000
0.999681	1.000000
0.000027	0.000000
0.000000	0.000000
0.000000	1.000000
1.000000	1.000000
0.937928	1.000000
0.000370	0.000000
0.999996	1.000000
0.995045	1.000000
1.000000	1.000000
0.000000	0.000000
0.000000	0.000000
0.000000	0.000000
0.000000	0.000000
0.001240	0.000000
1.000000	1.000000
0.999997	1.000000
0.000000	0.000000
0.000001	1.000000
1.000000	1.000000
0.000000	0.000000
0.000043	0.000000
0.000019	0.000000
0.000000	0.000000
0.000000	0.000000
0.984969	0.000000
0.000000	0.000000
0.999823	1.000000
0.999946	1.000000
0.999991	1.000000
0.000000	0.000000
1.000000	1.000000
0.000000	0.000000
0.000000	0.000000
0.000000	0.000000
0.020800	1.000000
0.000036	1.000000
0.000000	0.000000
1.000000	1.000000
0.027434	0.000000
0.000594	1.000000
1.000000	0.000000
0.000000	0.000000
0.208978	0.000000
0.000000	1.000000
0.982459	0.000000
0.185131	1.000000
1.000000	1.000000
1.000000	1.000000
0.494700	1.000000
0.049126	0.000000
0.998764	0.000000
0.000015	0.000000
1.000000	1.000000
0.032610	1.000000
0.999418	1.000000
0.009037	0.000000
0.000000	0.000000
0.092585	0.000000
0.900685	1.000000
0.000005	0.000000
0.999924	1.000000
0.000000	0.000000
0.000000	0.000000
0.817997	1.000000
1.000000	1.000000
0.998556	1.000000
0.000943	0.000000
0.000000	0.000000
0.000000	0.000000
0.999999	1.000000
0.278195	0.000000
0.000001	0.000000
0.000000	0.000000
0.799134	0.000000
0.000000	0.000000
1.000000	1.000000
0.005157	0.000000
1.000000	1.000000
0.024340	0.000000
0.999997	1.000000
0.978906	0.000000
0.999936	1.000000
0.041288	0.000000
0.002425	0.000000
0.000000	0.000000
0.999995	1.000000
1.000000	1.000000
0.527858	0.000000
0.999999	1.000000
1.000000	1.000000
1.000000	1.000000
0.005444	0.000000
1.000000	1.000000
0.999870	1.000000
1.000000	1.000000
0.047469	1.000000
0.000020	0.000000
0.999460	1.000000
0.000000	0.000000
1.000000	1.000000
0.999995	1.000000
1.000000	1.000000
0.000032	1.000000
0.000083	0.000000
0.000000	0.000000
1.000000	1.000000
1.000000	1.000000
0.000508	0.000000
0.000000	0.000000
0.000002	0.000000
0.992852	1.000000
0.027841	0.000000
0.998967	1.000000
0.000000	0.000000
0.000049	0.000000
0.000000	0.000000
0.718113	1.000000
0.000000	0.000000
0.000000	0.000000
0.000000	0.000000
0.000000	0.000000
0.000000	0.000000
0.385556	1.000000
0.000000	0.000000
0.999998	1.000000
0.999984	1.000000
0.000205	0.000000
0.998095	1.000000
0.000000	0.000000
0.000000	0.000000
0.999992	1.000000
0.000011	0.000000
0.085813	1.000000
0.000000	0.000000
0.000000	0.000000
1.000000	1.000000
0.995830	1.000000
1.000000	1.000000
0.000000	0.000000
0.929986	1.000000
0.000000	0.000000
0.879680	0.000000
0.995436	1.000000
1.000000	1.000000
1.000000	1.000000
0.999998	1.000000
0.032941	0.000000
1.000000	1.000000
0.999992	1.000000
0.000000	1.000000
0.000000	0.000000
0.000000	0.000000
0.999943	0.000000
1.000000	1.000000
0.995322	1.000000
1.000000	1.000000
0.136601	0.000000
1.000000	0.000000
0.000080	0.000000
0.000006	0.000000
1.000000	1.000000
0.000515	0.000000
0.999169	1.000000
0.000000	0.000000
0.000000	0.000000
0.592895	1.000000
0.958442	1.000000
1.000000	1.000000
0.999999	1.000000
0.000001	0.000000
1.000000	1.000000
0.999163	0.000000
0.137606	0.000000
0.004495	1.000000
0.000000	0.000000
0.000012	0.000000
0.111562	0.000000
0.992478	0.000000
0.111051	1.000000
0.999986	0.000000
0.000000	0.000000
0.000000	0.000000
1.000000	1.000000
0.000000	0.000000
0.000000	0.000000
0.002967	0.000000
0.000000	0.000000
0.003741	0.000000
0.998756	1.000000
0.000374	0.000000
0.000819	0.000000
0.940485	1.000000
0.000000	0.000000
0.999341	1.000000
0.000000	0.000000
0.878537	0.000000
0.006745	1.000000
0.032601	0.000000
0.000000	1.000000
0.111273	1.000000
0.029101	1.000000
0.000000	0.000000
0.000002	0.000000
0.000000	0.000000
0.001082	1.000000
0.000000	0.000000
0.000079	1.000000
0.000000	0.000000
0.000005	0.000000
0.872423	0.000000
0.971438	1.000000
0.999999	1.000000
0.899172	1.000000
0.000000	0.000000
0.000003	0.000000
0.000000	0.000000
0.953623	0.000000
1.000000	0.000000
0.000001	0.000000
1.000000	1.000000
0.000000	0.000000
0.000000	0.000000
1.000000	1.000000
0.000000	0.000000
0.000000	0.000000
0.000000	0.000000
0.000000	0.000000
0.999852	1.000000
0.999961	1.000000
0.008650	0.000000
1.000000	1.000000
0.998811	1.000000
0.000111	0.000000
0.000000	0.000000
0.000003	0.000000
0.999999	1.000000
0.999996	0.000000
0.000000	0.000000
0.999727	1.000000
0.000051	1.000000
1.000000	0.000000
0.000000	0.000000
0.001460	1.000000
0.000000	0.000000
0.000001	0.000000
0.000000	0.000000
0.002571	0.000000
0.000000	0.000000
0.999982	1.000000
0.011733	1.000000
0.000000	0.000000
0.001124	0.000000
1.000000	1.000000
0.000000	0.000000
0.000000	0.000000
0.360978	0.000000
0.002143	0.000000
1.000000	1.000000
0.000000	0.000000
0.000000	0.000000
0.000218	0.000000
0.974208	1.000000
0.340479	1.000000
1.000000	1.000000
0.000004	1.000000
0.000352	0.000000
0.999982	1.000000
0.624485	1.000000
0.999116	1.000000
0.760795	1.000000
0.000000	0.000000
0.999733	0.000000
0.000000	0.000000
1.000000	1.000000
0.000000	0.000000
0.000001	0.000000
0.603677	1.000000
1.000000	1.000000
0.000000	0.000000
0.999994	1.000000
0.000000	0.000000
0.000000	0.000000
0.056533	1.000000
0.182412	0.000000
0.037529	0.000000
0.000023	0.000000
0.999998	1.000000
0.000003	1.000000
0.000001	0.000000
0.000000	0.000000
0.000013	0.000000
0.999999	1.000000
0.990231	1.000000
0.683042	1.000000
0.000012	0.000000
1.000000	1.000000
0.000000	0.000000
0.000046	0.000000
1.000000	1.000000
0.000021	0.000000
0.000000	0.000000
0.000000	0.000000
0.000000	0.000000
0.000010	0.000000
0.001450	1.000000
0.999990	1.000000
0.468307	1.000000
0.000000	0.000000
0.884887	1.000000
0.999977	1.000000
1.000000	1.000000
1.000000	1.000000
0.533180	1.000000
0.000004	0.000000
0.999999	1.000000
0.000341	0.000000
0.000000	0.000000
0.997644	1.000000
0.999875	1.000000
0.000000	0.000000
0.005165	1.000000
1.000000	1.000000
0.877772	1.000000
0.640821	0.000000
0.000000	0.000000
0.001512	0.000000
0.377179	1.000000
0.000000	0.000000
0.000000	0.000000
0.004002	0.000000
0.000000	0.000000
1.000000	1.000000
0.000225	0.000000
0.000000	0.000000
0.000000	0.000000
0.000000	0.000000
0.998825	1.000000
0.000034	0.000000
0.013013	0.000000
0.000000	0.000000
0.000002	0.000000
0.039038	1.000000
1.000000	1.000000
0.000002	0.000000
0.000000	0.000000
0.819658	1.000000
0.999964	1.000000
0.000000	0.000000
0.958297	0.000000
1.000000	1.000000
0.000007	0.000000
0.000126	1.000000
0.999991	1.000000
0.000058	0.000000
0.334767	1.000000
0.000000	0.000000
1.000000	1.000000
0.000045	0.000000
0.000650	0.000000
0.000000	0.000000
1.000000	0.000000
0.013856	1.000000
0.000000	0.000000
0.000000	0.000000
0.091097	0.000000
0.000638	0.000000
0.000000	0.000000
0.000000	0.000000
0.000000	0.000000
0.452219	1.000000
0.000000	1.000000
0.779275	1.000000
0.000012	0.000000
0.378384	0.000000
0.008367	0.000000
0.942841	1.000000
0.000176	1.000000
0.000000	0.000000
0.000000	0.000000
0.999957	1.000000
0.000000	0.000000
1.000000	1.000000
0.999999	1.000000
1.000000	1.000000
0.000000	0.000000
1.000000	0.000000
0.000000	0.000000
0.993571	0.000000
0.995416	1.000000
0.000000	0.000000
0.203446	0.000000
0.000003	0.000000
0.000000	0.000000
0.923986	1.000000
0.002632	0.000000
0.999996	1.000000
0.510108	1.000000
1.000000	1.000000
0.951710	0.000000
1.000000	1.000000
0.012485	0.000000
1.000000	1.000000
0.999922	1.000000
0.000000	0.000000
0.999203	1.000000
1.000000	1.000000
0.950368	1.000000
0.491241	0.000000
1.000000	1.000000
0.313881	1.000000
0.004413	0.000000
0.000000	0.000000
0.000000	0.000000
0.000073	0.000000
0.000004	0.000000
1.000000	1.000000
0.000000	0.000000
0.999390	1.000000
0.011716	0.000000
1.000000	1.000000
0.000000	0.000000
0.999996	1.000000
0.000000	0.000000
1.000000	1.000000
0.003377	1.000000
0.000343	0.000000
0.000000	0.000000
0.001254	0.000000
0.000000	0.000000
1.000000	1.000000
0.000000	0.000000
0.000000	0.000000
0.998707	0.000000
0.999962	1.000000
0.000549	0.000000
0.000000	0.000000
0.157295	0.000000
0.000014	0.000000
0.000001	0.000000
0.000014	0.000000
0.000009	1.000000
0.000000	0.000000
0.354757	0.000000
1.000000	1.000000
0.000002	0.000000
0.275244	0.000000
0.000000	0.000000
0.982845	1.000000
0.000000	0.000000
0.000000	0.000000
1.000000	1.000000
0.038662	0.000000
0.890873	1.000000
0.000000	0.000000
0.989245	1.000000
0.000000	0.000000
0.000000	0.000000
0.000000	0.000000
1.000000	1.000000
0.000000	0.000000
0.000000	0.000000
0.038929	1.000000
0.999982	0.000000
1.000000	1.000000
0.000030	0.000000
0.999406	1.000000
0.172209	0.000000
0.999690	1.000000
0.000000	0.000000
0.999997	0.000000
0.000337	0.000000
0.000351	0.000000
0.000001	0.000000
0.973772	0.000000
0.307624	1.000000
0.999997	0.000000
0.999998	1.000000
0.000000	0.000000
0.000056	0.000000
0.007839	0.000000
1.000000	0.000000
1.000000	1.000000
0.000000	0.000000
0.999997	1.000000
0.940478	1.000000
0.000000	0.000000
0.000000	1.000000
0.000428	0.000000
0.000000	0.000000
0.000085	0.000000
1.000000	1.000000
0.000000	0.000000
0.000000	0.000000
0.984451	0.000000
0.007258	0.000000
0.001012	0.000000
0.000000	0.000000
0.999997	1.000000
0.099071	0.000000
0.179830	0.000000
0.000000	0.000000
0.000000	0.000000
0.999861	1.000000
0.999998	0.000000
0.916842	0.000000
0.999996	1.000000
0.002977	0.000000
0.632432	0.000000
0.000012	0.000000
0.040479	0.000000
0.996935	0.000000
0.000000	0.000000
0.000000	0.000000
0.040021	1.000000
0.999942	1.000000
0.404478	0.000000
0.942846	0.000000
0.963607	1.000000
1.000000	1.000000
0.000015	0.000000
0.000000	0.000000
1.000000	1.000000
0.000000	1.000000
0.000001	0.000000
0.239198	0.000000
0.996092	1.000000
0.007908	0.000000
1.000000	1.000000
0.000467	0.000000
0.000000	0.000000
1.000000	1.000000
1.000000	1.000000
0.836787	0.000000
0.000000	0.000000
0.999980	1.000000
0.000631	0.000000
1.000000	1.000000
0.000000	0.000000
0.997725	1.000000
0.998734	1.000000
0.000000	1.000000
0.000000	0.000000
0.000000	0.000000
0.003375	0.000000
0.000036	0.000000
0.000000	0.000000
0.000000	0.000000
0.999868	0.000000
0.999993	1.000000
0.000014	0.000000
0.000000	0.000000
0.001663	0.000000
0.000000	0.000000
0.999197	0.000000
0.000000	0.000000
1.000000	1.000000
0.486316	0.000000
0.000018	1.000000
0.000000	1.000000
0.999466	1.000000
0.000000	0.000000
1.000000	1.000000
0.999801	1.000000
0.966466	0.000000
0.000080	0.000000
0.000000	1.000000
0.999988	1.000000
0.004569	0.000000
1.000000	1.000000
0.000000	0.000000
1.000000	1.000000
0.001309	0.000000
0.000001	0.000000
0.000000	0.000000
0.000000	0.000000
0.999939	1.000000
0.000001	0.000000
0.999980	1.000000
1.000000	1.000000
0.999003	1.000000
0.756898	1.000000
0.000000	0.000000
0.999996	0.000000
0.002332	0.000000
0.000013	1.000000
0.000001	1.000000
1.000000	1.000000
0.127699	1.000000
1.000000	1.000000
0.000000	0.000000
0.999981	1.000000
0.963464	1.000000
0.999289	0.000000
0.000000	0.000000
0.000000	0.000000
1.000000	1.000000
0.000004	0.000000
0.000058	1.000000
0.066469	0.000000
0.000000	0.000000
0.000000	0.000000
0.095381	0.000000
0.000000	1.000000
0.000000	0.000000
1.000000	1.000000
0.009616	1.000000
0.000019	0.000000
0.005186	1.000000
0.000000	0.000000
0.154461	0.000000
0.984171	1.000000
1.000000	1.000000
0.000000	0.000000
0.000007	0.000000
0.986270	1.000000
1.000000	1.000000
0.000000	0.000000
0.000000	0.000000
1.000000	1.000000
0.000000	0.000000
0.000000	0.000000
0.000065	0.000000
0.000000	0.000000
0.381046	1.000000
0.000000	0.000000
0.002990	1.000000
1.000000	1.000000
0.000000	0.000000
0.000000	0.000000
0.000000	0.000000
0.000064	0.000000
0.166425	1.000000
0.000000	0.000000
0.000001	0.000000
0.000000	1.000000
1.000000	0.000000
0.999996	1.000000
0.965627	1.000000
0.819472	0.000000
0.867879	0.000000
0.000000	0.000000
1.000000	0.000000
0.000000	0.000000
0.996872	1.000000
0.003094	0.000000
0.000199	0.000000
0.000000	0.000000
0.000000	0.000000
0.000000	0.000000
1.000000	1.000000
0.000000	0.000000
0.944766	0.000000
0.000047	0.000000
0.465229	1.000000
0.974598	0.000000
0.000000	0.000000
1.000000	1.000000
0.999375	1.000000
0.979388	0.000000
0.004748	0.000000
0.000016	1.000000
0.000234	0.000000
0.997378	1.000000
0.121978	0.000000
0.002059	0.000000
0.000000	0.000000
1.000000	1.000000
1.000000	1.000000
0.000345	1.000000
0.970839	1.000000
0.000014	0.000000
0.000000	0.000000
1.000000	1.000000
1.000000	0.000000
0.000000	0.000000
0.000000	0.000000
0.002422	1.000000
0.996460	1.000000
0.006554	0.000000
0.702053	0.000000
0.854978	1.000000
0.999253	1.000000
0.000000	1.000000
0.999533	1.000000
0.282863	1.000000
0.000000	0.000000
1.000000	1.000000
1.000000	0.000000
1.000000	1.000000
1.000000	1.000000
1.000000	1.000000
0.000000	0.000000
0.999871	1.000000
1.000000	1.000000
0.000000	0.000000
1.000000	1.000000
0.001682	0.000000
0.000000	0.000000
0.000000	0.000000
0.999996	0.000000
0.000000	0.000000
0.000000	0.000000
0.000010	0.000000
1.000000	1.000000
0.801772	0.000000
0.000000	0.000000
0.000000	1.000000
0.999994	1.000000
0.063870	0.000000
1.000000	1.000000
0.000000	0.000000
0.000000	0.000000
0.000000	0.000000
1.000000	1.000000
0.999999	1.000000
0.017596	0.000000
1.000000	1.000000
0.016971	0.000000
0.000000	0.000000
0.999752	1.000000
0.001016	0.000000
1.000000	0.000000
1.000000	1.000000
0.000003	0.000000
0.000425	0.000000
0.982896	0.000000
0.000000	0.000000
1.000000	1.000000
0.413319	0.000000
1.000000	1.000000
0.000000	0.000000
0.999993	1.000000
0.999997	1.000000
0.000000	0.000000
0.000000	0.000000
0.000000	0.000000
0.000000	0.000000
0.000094	0.000000
0.002704	0.000000
1.000000	1.000000
0.000000	0.000000
0.000136	0.000000
1.000000	1.000000
0.988629	1.000000
0.000084	1.000000
0.999975	1.000000
0.011218	1.000000
0.000000	0.000000
0.578489	1.000000
0.000000	0.000000
0.033964	0.000000
1.000000	1.000000
0.828882	0.000000
0.000000	0.000000
0.829822	1.000000
0.968921	1.000000
0.000012	0.000000
0.999975	1.000000
1.000000	1.000000
1.000000	1.000000
0.017374	1.000000
0.999963	1.000000
0.000000	0.000000
1.000000	1.000000
0.000120	0.000000
1.000000	1.000000
0.000000	0.000000
1.000000	1.000000
0.000056	1.000000
0.999998	1.000000
0.999998	1.000000
0.000000	0.000000
0.000000	0.000000
0.007073	0.000000
0.000693	1.000000
0.067895	1.000000
0.000007	0.000000
0.000000	0.000000
0.000231	0.000000
0.956108	1.000000
0.000000	0.000000
0.000000	0.000000
0.000000	0.000000
1.000000	1.000000
0.000061	0.000000
0.000001	1.000000
0.999969	1.000000
0.999524	1.000000
0.447933	0.000000
1.000000	1.000000
0.000000	0.000000
0.715776	1.000000
0.000003	1.000000
1.000000	1.000000
0.000000	0.000000
0.999997	1.000000
0.000148	1.000000
0.036648	1.000000
0.017703	0.000000
0.000073	0.000000
1.000000	1.000000
1.000000	1.000000
1.000000	1.000000
1.000000	1.000000
0.000000	0.000000
0.001179	1.000000
0.000009	0.000000
0.000167	0.000000
0.000236	0.000000
1.000000	1.000000
1.000000	1.000000
0.000019	0.000000
0.984053	1.000000
1.000000	1.000000
0.085298	1.000000
1.000000	1.000000
1.000000	1.000000
0.000301	0.000000
0.000294	0.000000
1.000000	0.000000
1.000000	1.000000
0.023639	0.000000
1.000000	1.000000
0.999990	1.000000
0.841734	1.000000
0.000013	0.000000
0.000941	0.000000
0.000000	0.000000
0.953763	1.000000
0.000029	0.000000
0.007379	0.000000
0.078594	0.000000
0.000012	0.000000
0.000000	0.000000
0.000005	0.000000
0.999701	1.000000
0.004742	1.000000
0.000000	0.000000
0.000296	0.000000
0.000000	0.000000
0.000000	0.000000
0.000004	0.000000
0.015719	1.000000
1.000000	1.000000
0.986939	1.000000
0.999887	1.000000
0.999998	0.000000
0.000000	0.000000
0.997823	0.000000
0.000584	1.000000
0.533725	0.000000
0.000000	0.000000
0.000000	0.000000
0.000072	0.000000
0.000000	0.000000
0.000006	0.000000
0.997455	1.000000
1.000000	1.000000
0.000000	0.000000
0.583160	0.000000
0.999465	1.000000
0.039577	1.000000
1.000000	1.000000
0.000000	0.000000
0.000000	0.000000
0.999290	1.000000
0.000001	0.000000
1.000000	1.000000
0.000000	0.000000
0.014414	1.000000
0.996855	1.000000
0.999908	0.000000
0.999274	1.000000
0.000953	1.000000
0.000000	1.000000
0.002992	0.000000
0.999568	1.000000
1.000000	1.000000
0.004806	0.000000
0.000000	0.000000
0.000000	0.000000
0.000000	0.000000
1.000000	1.000000
0.000000	0.000000
1.000000	1.000000
0.409066	1.000000
1.000000	1.000000
0.993715	1.000000
0.000008	1.000000
0.000000	0.000000
0.000000	0.000000
0.005614	1.000000
0.999999	0.000000
0.000000	0.000000
0.000000	0.000000
0.000000	0.000000
0.999999	1.000000
1.000000	1.000000
0.904248	1.000000
0.000325	1.000000
0.000000	0.000000
0.000000	0.000000
0.999851	1.000000
0.046536	0.000000
0.000000	0.000000
0.000000	0.000000
0.000000	0.000000
1.000000	1.000000
0.002578	0.000000
0.000000	0.000000
0.000000	0.000000
0.999997	1.000000
0.000004	0.000000
0.000008	0.000000
0.079270	0.000000
0.000030	1.000000
0.999548	1.000000
0.999946	0.000000
0.000000	0.000000
0.000000	0.000000
0.999994	1.000000
0.000000	0.000000
0.000000	0.000000
0.000000	0.000000
1.000000	1.000000
0.000000	0.000000
0.000000	0.000000
0.000037	0.000000
0.000175	1.000000
1.000000	1.000000
0.653821	0.000000
0.000004	0.000000
0.000000	0.000000
0.694849	0.000000
0.631571	0.000000
0.999973	1.000000
1.000000	1.000000
0.166569	0.000000
0.000003	0.000000
1.000000	1.000000
1.000000	1.000000
0.000018	0.000000
0.000000	0.000000
1.000000	0.000000
0.999994	1.000000
0.617523	0.000000
0.000000	0.000000
0.000000	0.000000
0.085078	1.000000
0.000028	0.000000
0.000021	1.000000
0.000017	0.000000
0.000000	0.000000
0.024367	0.000000
0.000000	0.000000
0.998859	1.000000
0.000000	0.000000
0.000242	0.000000
0.000006	0.000000
0.999996	1.000000
0.000808	1.000000
0.000000	0.000000
0.000000	0.000000
0.000000	0.000000
1.000000	1.000000
0.999752	1.000000
1.000000	1.000000
0.000000	0.000000
0.153110	0.000000
0.999980	1.000000
0.000000	0.000000
0.999992	1.000000
0.000000	0.000000
0.000000	0.000000
0.000008	0.000000
0.694577	1.000000
0.000000	1.000000
0.992485	1.000000
0.000000	0.000000
0.000000	0.000000
0.000302	1.000000
0.001870	0.000000
1.000000	1.000000
1.000000	1.000000
1.000000	1.000000
0.005428	0.000000
0.964144	0.000000
0.015744	1.000000
0.999957	1.000000
0.933253	0.000000
0.000000	0.000000
0.000000	0.000000
0.125598	1.000000
1.000000	1.000000
1.000000	1.000000
0.000000	0.000000
0.999993	0.000000
0.000021	0.000000
0.000000	0.000000
0.999009	1.000000
0.030389	0.000000
0.000043	0.000000
1.000000	1.000000
0.002843	0.000000
0.825183	1.000000
0.999999	1.000000
0.000000	0.000000
0.983212	1.000000
0.002408	0.000000
0.000001	1.000000
0.000000	0.000000
0.461201	1.000000
0.000001	0.000000
0.000013	0.000000
0.000138	0.000000
1.000000	1.000000
0.000036	0.000000
1.000000	1.000000
0.220501	1.000000
0.000032	0.000000
0.000000	0.000000
1.000000	1.000000
0.000707	0.000000
0.005676	0.000000
0.000431	0.000000
0.000437	0.000000
1.000000	1.000000
0.000008	0.000000
0.364759	0.000000
0.004056	1.000000
1.000000	1.000000
0.000000	0.000000
0.601709	1.000000
0.000001	0.000000
1.000000	1.000000
0.002565	0.000000
0.000003	0.000000
0.028372	0.000000
1.000000	1.000000
0.000000	0.000000
0.999982	0.000000
1.000000	1.000000
0.950977	0.000000
0.000000	1.000000
0.000000	0.000000
0.999810	1.000000
1.000000	1.000000
0.999998	1.000000
0.000001	0.000000
0.998028	1.000000
0.000000	0.000000
1.000000	1.000000
0.000209	0.000000
0.000000	0.000000
0.999995	1.000000
0.000006	0.000000
0.188894	1.000000
1.000000	0.000000
0.000000	0.000000
0.999987	0.000000
0.829983	1.000000
0.984452	1.000000
0.983410	0.000000
1.000000	1.000000
0.000005	0.000000
1.000000	1.000000
1.000000	1.000000
0.000000	1.000000
0.000000	0.000000
0.000007	0.000000
0.000000	0.000000
0.011781	1.000000
0.000000	0.000000
0.023647	0.000000
0.999615	1.000000
0.999996	0.000000
0.000000	0.000000
0.027504	1.000000
0.006246	0.000000
0.000000	0.000000
0.041408	0.000000
0.000000	0.000000
0.316138	1.000000
0.000000	0.000000
0.000000	0.000000
0.027726	1.000000
0.999970	1.000000
0.999999	1.000000
0.000000	0.000000
0.000000	0.000000
0.646871	1.000000
0.000000	0.000000
1.000000	1.000000
0.061748	1.000000
0.883641	1.000000
0.000005	0.000000
0.000000	0.000000
0.000000	0.000000
1.000000	1.000000
0.000000	0.000000
0.020928	1.000000
0.000000	0.000000
0.000018	1.000000
0.003326	0.000000
0.000000	0.000000
0.000000	0.000000
0.000000	0.000000
0.063425	0.000000
0.000000	0.000000
0.000000	0.000000
0.000000	0.000000
0.000000	0.000000
0.000000	0.000000
0.000965	1.000000
0.994493	1.000000
0.999840	1.000000
1.000000	1.000000
0.000000	0.000000
0.000000	0.000000
0.000000	0.000000
0.000000	0.000000
1.000000	0.000000
0.022158	1.000000
1.000000	1.000000
0.000000	0.000000
0.000005	0.000000
0.000000	0.000000
0.000000	0.000000
1.000000	1.000000
0.999301	1.000000
0.399706	1.000000
1.000000	1.000000
1.000000	1.000000
0.000008	0.000000
1.000000	1.000000
0.000003	1.000000
1.000000	1.000000
0.999238	1.000000
0.000000	1.000000
0.006056	0.000000
1.000000	1.000000
1.000000	1.000000
0.000000	0.000000
0.000000	0.000000
0.000000	0.000000
0.000000	0.000000
0.012646	0.000000
0.000000	0.000000
0.999997	1.000000
1.000000	1.000000
0.986066	1.000000
0.000000	0.000000
1.000000	1.000000
0.000000	0.000000
0.994208	1.000000
1.000000	1.000000
0.972200	0.000000
0.000000	0.000000
0.999958	1.000000
0.000000	0.000000
1.000000	1.000000
0.000000	0.000000
0.999978	1.000000
0.776770	1.000000
0.002766	0.000000
0.000000	0.000000
0.000000	0.000000
0.000000	0.000000
0.000000	0.000000
0.000000	0.000000
0.998829	0.000000
0.000000	0.000000
0.000000	0.000000
0.000000	0.000000
0.000000	0.000000
0.999993	1.000000
0.000000	0.000000
0.000000	0.000000
0.000000	0.000000
1.000000	1.000000
1.000000	1.000000
0.014041	1.000000
0.058402	1.000000
0.000000	0.000000
0.000000	0.000000
0.000059	1.000000
0.000003	0.000000
0.000000	0.000000
0.000000	0.000000
0.000021	0.000000
0.024382	0.000000
0.012878	0.000000
1.000000	1.000000
1.000000	1.000000
0.999998	1.000000
0.000204	1.000000
0.999401	1.000000
0.000000	0.000000
0.000000	0.000000
0.999944	1.000000
0.000010	0.000000
0.083297	0.000000
0.997648	1.000000
0.000001	1.000000
0.000000	0.000000
0.901946	1.000000
0.533631	1.000000
1.000000	1.000000
0.000000	0.000000
0.999514	1.000000
0.999028	1.000000
1.000000	1.000000
0.857967	1.000000
0.413246	1.000000
0.286656	0.000000
0.999755	1.000000
0.006725	1.000000
0.999506	1.000000
0.000000	0.000000
0.999455	0.000000
0.074684	1.000000
0.000000	0.000000
0.000006	0.000000
1.000000	1.000000
0.891748	0.000000
0.000000	0.000000
0.992816	0.000000
1.000000	1.000000
0.999995	1.000000
0.000071	0.000000
0.000000	0.000000
0.000142	1.000000
1.000000	1.000000
1.000000	1.000000
0.000000	0.000000
0.003177	0.000000
0.008437	1.000000
0.986444	0.000000
1.000000	1.000000
0.291646	0.000000
0.998887	1.000000
0.999995	1.000000
0.780010	0.000000
0.000063	0.000000
0.000254	1.000000
1.000000	1.000000
0.000000	0.000000
0.047275	0.000000
0.999742	1.000000
0.000000	0.000000
0.000000	0.000000
0.000000	0.000000
0.997727	1.000000
0.000000	0.000000
0.000000	0.000000
1.000000	1.000000
0.000000	0.000000
0.000000	0.000000
0.000000	1.000000
0.994516	1.000000
0.000459	0.000000
0.000000	1.000000
0.999942	1.000000
0.000000	0.000000
0.999993	1.000000
0.999681	1.000000
1.000000	0.000000
0.000000	0.000000
0.000000	0.000000
0.999997	1.000000
0.000477	0.000000
0.996660	0.000000
1.000000	1.000000
1.000000	1.000000
0.000000	0.000000
0.999996	1.000000
0.000060	0.000000
0.956828	0.000000
0.000000	0.000000
0.000000	0.000000
0.997600	1.000000
0.000000	0.000000
0.000000	0.000000
0.476225	0.000000
0.107145	1.000000
0.000448	0.000000
1.000000	1.000000
1.000000	1.000000
0.003710	0.000000
0.000000	0.000000
1.000000	1.000000
1.000000	1.000000
0.999975	1.000000
0.999779	1.000000
0.000000	0.000000
0.999998	0.000000
0.000000	0.000000
0.991806	1.000000
0.999992	0.000000
1.000000	0.000000
1.000000	1.000000
0.000000	0.000000
0.000000	0.000000
0.000012	0.000000
0.000015	0.000000
0.000000	0.000000
1.000000	1.000000
1.000000	1.000000
0.993932	1.000000
0.979986	1.000000
0.365657	0.000000
0.997729	0.000000
0.282144	1.000000
0.000227	0.000000
0.000000	0.000000
0.000146	1.000000
1.000000	1.000000
1.000000	1.000000
1.000000	0.000000
0.000000	0.000000
1.000000	1.000000
0.001158	1.000000
0.999998	1.000000
0.999881	1.000000
0.000000	0.000000
0.000009	0.000000
0.012285	0.000000
1.000000	0.000000
0.000046	0.000000
0.000000	0.000000
0.086918	0.000000
0.993386	1.000000
0.000002	0.000000
0.000001	1.000000
1.000000	0.000000
0.994271	1.000000
0.979289	1.000000
0.000000	0.000000
0.000000	0.000000
0.000000	0.000000
0.994592	0.000000
0.000000	0.000000
0.270298	0.000000
0.006835	0.000000
0.006369	0.000000
0.037476	0.000000
0.008335	0.000000
1.000000	0.000000
0.000194	0.000000
0.999972	1.000000
0.000060	0.000000
0.000554	0.000000
0.000000	0.000000
0.981575	0.000000
0.000303	0.000000
0.456946	0.000000
0.000022	0.000000
0.999998	1.000000
0.000000	0.000000
0.000000	0.000000
0.999971	1.000000
0.000000	0.000000
0.000000	0.000000
0.000000	0.000000
0.000002	0.000000
0.544737	0.000000
0.986844	0.000000
0.000006	0.000000
0.000000	0.000000
1.000000	1.000000
0.000000	0.000000
0.000000	0.000000
0.000000	0.000000
0.004699	0.000000
0.999997	1.000000
0.998408	1.000000
0.827487	1.000000
0.000000	0.000000
0.997075	1.000000
0.996441	1.000000
1.000000	1.000000
0.000000	0.000000
0.001860	0.000000
0.897005	0.000000
0.000000	0.000000
1.000000	1.000000
0.033701	0.000000
1.000000	1.000000
1.000000	1.000000
0.000000	0.000000
0.000000	0.000000
0.999869	1.000000
0.999921	1.000000
1.000000	1.000000
0.997716	1.000000
1.000000	1.000000
0.000000	0.000000
0.000001	0.000000
0.890378	1.000000
0.999070	1.000000
0.000000	0.000000
1.000000	1.000000
0.999998	0.000000
0.000061	0.000000
0.000000	0.000000
0.000000	0.000000
1.000000	1.000000
1.000000	1.000000
1.000000	1.000000
0.000000	0.000000
0.000002	0.000000
1.000000	1.000000
1.000000	1.000000
0.000000	0.000000
0.000019	0.000000
0.000000	0.000000
0.001710	0.000000
0.000000	0.000000
0.000006	0.000000
0.000000	0.000000
0.000684	1.000000
0.995485	1.000000
0.976521	0.000000
0.006967	1.000000
0.997484	0.000000
0.997196	1.000000
0.334053	0.000000
0.804080	1.000000
1.000000	0.000000
0.958597	1.000000
0.000000	0.000000
0.003258	0.000000
0.000007	0.000000
0.000000	0.000000
0.000000	0.000000
1.000000	1.000000
0.000472	0.000000
1.000000	0.000000
1.000000	1.000000
0.990833	0.000000
0.001837	0.000000
0.998404	1.000000
0.015554	1.000000
0.000008	0.000000
0.762484	1.000000
1.000000	1.000000
0.010213	0.000000
0.000865	0.000000
0.960570	0.000000
0.902642	1.000000
0.553639	0.000000
0.000711	0.000000
0.999939	1.000000
0.863553	1.000000
0.805178	1.000000
1.000000	1.000000
0.999999	1.000000
0.999993	1.000000
0.000000	0.000000
1.000000	1.000000
0.031934	1.000000
1.000000	1.000000
0.009837	0.000000
0.000000	0.000000
0.000000	0.000000
0.246102	0.000000
0.006427	1.000000
1.000000	1.000000
0.000172	1.000000
0.545229	1.000000
0.000000	0.000000
0.000002	0.000000
0.000000	0.000000
0.999999	1.000000
1.000000	1.000000
1.000000	1.000000
0.218333	1.000000
0.000000	0.000000
0.000000	0.000000
1.000000	0.000000
0.000000	0.000000
0.000000	0.000000
0.001736	1.000000
0.000000	0.000000
0.997713	0.000000
0.000000	0.000000
0.000008	0.000000
1.000000	1.000000
0.000149	0.000000
0.000000	0.000000
0.996299	1.000000
0.000002	0.000000
0.000003	0.000000
0.031765	1.000000
0.992515	0.000000
0.999999	1.000000
0.000433	0.000000
0.000000	0.000000
0.000004	0.000000
0.000000	0.000000
0.956660	0.000000
0.028471	1.000000
0.999997	1.000000
0.000000	0.000000
1.000000	1.000000
0.000819	1.000000
0.999999	1.000000
1.000000	1.000000
0.000000	0.000000
0.998917	0.000000
0.999994	1.000000
0.852611	0.000000
0.000017	0.000000
1.000000	1.000000
1.000000	1.000000
0.005682	0.000000
0.999878	0.000000
0.000042	1.000000
0.001692	0.000000
0.001501	0.000000
0.050938	0.000000
0.000000	1.000000
1.000000	1.000000
0.000000	0.000000
0.000000	0.000000
0.412853	1.000000
0.000000	0.000000
1.000000	1.000000
1.000000	1.000000
0.000694	0.000000
0.000038	1.000000
0.000000	0.000000
0.001496	0.000000
0.000000	0.000000
0.048093	0.000000
0.744085	1.000000
0.000000	0.000000
1.000000	1.000000
0.999996	1.000000
0.000000	0.000000
0.975656	1.000000
0.000000	0.000000
0.951167	1.000000
0.000000	0.000000
0.000000	0.000000
0.648410	1.000000
0.000000	0.000000
0.000000	0.000000
1.000000	1.000000
0.000000	0.000000
0.000000	0.000000
0.999956	1.000000
0.000000	0.000000
0.000269	0.000000
0.006547	0.000000
0.000000	0.000000
1.000000	1.000000
0.000000	0.000000
0.000000	0.000000
0.007135	0.000000
0.287496	1.000000
0.000000	0.000000
0.000003	0.000000
0.846570	1.000000
0.977353	1.000000
0.000000	0.000000
0.000000	0.000000
1.000000	1.000000
0.000010	0.000000
0.998880	1.000000
0.000000	0.000000
0.618795	0.000000
0.000000	0.000000
0.989958	1.000000
0.000002	0.000000
0.190186	0.000000
1.000000	1.000000
0.967422	1.000000
0.000458	0.000000
0.000005	1.000000
0.000001	0.000000
0.000000	0.000000
0.744824	1.000000
0.999961	1.000000
0.000000	0.000000
0.996045	0.000000
0.422786	0.000000
1.000000	1.000000
0.798976	1.000000
1.000000	1.000000
0.000000	0.000000
0.000053	0.000000
0.959831	1.000000
1.000000	1.000000
0.000000	0.000000
0.000000	0.000000
0.000201	0.000000
0.000000	0.000000
0.011039	0.000000
0.000000	0.000000
1.000000	1.000000
0.101341	0.000000
0.000000	0.000000
0.000000	0.000000
0.000000	0.000000
0.000000	0.000000
1.000000	1.000000
0.000000	0.000000
0.957588	1.000000
1.000000	1.000000
0.000031	0.000000
0.025470	0.000000
0.999819	0.000000
0.000000	0.000000
0.000000	0.000000
0.000000	0.000000
0.086322	0.000000
0.878397	1.000000
0.672550	0.000000
0.011901	1.000000
0.000000	0.000000
0.921825	1.000000
0.001136	1.000000
0.993820	1.000000
0.999982	0.000000
0.958987	1.000000
0.809005	1.000000
0.920972	1.000000
0.999999	1.000000
0.998951	1.000000
0.005686	1.000000
0.996728	1.000000
0.000000	0.000000
0.000000	0.000000
0.000000	0.000000
0.999997	1.000000
0.003830	1.000000
1.000000	1.000000
0.000003	0.000000
0.999299	1.000000
0.000003	0.000000
0.999198	0.000000
0.002853	0.000000
0.193807	1.000000
0.999665	1.000000
0.000134	1.000000
0.098057	1.000000
0.000000	0.000000
1.000000	1.000000
0.000000	1.000000
0.000000	1.000000
0.969086	1.000000
0.000000	0.000000
0.000908	0.000000
0.021045	0.000000
0.000000	0.000000
0.999997	1.000000
0.996542	1.000000
0.000000	0.000000
0.125832	0.000000
0.000000	0.000000
0.000002	1.000000
0.000000	0.000000
0.000000	0.000000
0.000000	0.000000
0.961776	1.000000
0.999997	1.000000
1.000000	1.000000
0.999961	1.000000
1.000000	1.000000
0.000001	0.000000
0.001264	1.000000
0.002240	0.000000
0.000000	0.000000
0.000000	0.000000
0.000000	0.000000
1.000000	1.000000
0.000000	0.000000
0.238287	1.000000
0.000000	0.000000
1.000000	1.000000
0.999136	1.000000
0.000000	0.000000
1.000000	0.000000
0.000000	0.000000
0.000000	0.000000
0.950165	0.000000
0.000000	0.000000
0.974755	1.000000
1.000000	1.000000
1.000000	1.000000
0.000000	0.000000
0.000000	0.000000
0.000000	1.000000
1.000000	1.000000
0.000364	0.000000
1.000000	1.000000
0.000007	1.000000
1.000000	1.000000
1.000000	1.000000
0.000000	0.000000
0.000000	0.000000
0.999996	1.000000
1.000000	1.000000
0.001036	0.000000
0.892688	1.000000
0.002423	1.000000
0.000000	1.000000
1.000000	1.000000
0.000146	1.000000
0.649416	0.000000
0.080410	0.000000
1.000000	1.000000
0.000000	0.000000
0.000336	0.000000
0.000000	0.000000
1.000000	1.000000
1.000000	1.000000
0.000000	0.000000
0.000003	1.000000
0.018542	0.000000
1.000000	1.000000
0.000000	0.000000
0.075456	0.000000
0.148941	1.000000
0.000143	1.000000
0.998241	1.000000
0.917169	1.000000
0.029201	0.000000
1.000000	1.000000
0.999999	1.000000
0.999998	1.000000
1.000000	1.000000
0.794450	0.000000
1.000000	1.000000
0.971327	1.000000
1.000000	1.000000
0.000112	1.000000
0.049746	0.000000
0.000000	0.000000
0.000104	1.000000
0.000129	1.000000
0.001967	1.000000
0.000000	0.000000
1.000000	1.000000
0.999990	1.000000
0.000000	0.000000
0.000000	0.000000
0.000000	0.000000
0.001731	0.000000
0.999641	1.000000
1.000000	1.000000
0.999915	1.000000
0.999990	0.000000
0.999439	1.000000
0.626434	0.000000
0.002320	1.000000
0.000085	0.000000
0.001382	0.000000
0.768290	1.000000
0.000002	0.000000
0.999997	1.000000
0.695586	0.000000
0.000027	1.000000
0.543082	1.000000
0.023599	1.000000
1.000000	1.000000
0.999657	0.000000
0.000000	0.000000
0.004929	0.000000
1.000000	1.000000
0.000656	1.000000
0.999989	1.000000
0.999998	1.000000
1.000000	1.000000
1.000000	1.000000
0.001895	0.000000
0.999995	1.000000
0.000295	0.000000
0.001365	1.000000
0.000001	0.000000
0.999637	1.000000
0.000001	0.000000
1.000000	0.000000
0.992943	1.000000
0.000000	0.000000
0.999568	1.000000
0.251326	1.000000
0.000000	0.000000
0.000000	0.000000
0.988117	0.000000
0.000000	0.000000
0.000000	0.000000
0.939802	1.000000
0.000000	0.000000
0.186286	1.000000
0.987086	1.000000
0.000001	1.000000
0.408255	1.000000
0.000000	0.000000
0.000087	0.000000
0.921518	0.000000
0.000000	0.000000
0.990174	0.000000
1.000000	1.000000
0.000024	0.000000
0.005390	1.000000
0.166505	1.000000
0.001668	1.000000
0.000070	0.000000
1.000000	1.000000
0.000000	0.000000
1.000000	1.000000
1.000000	1.000000
0.000000	0.000000
0.999521	0.000000
0.000000	0.000000
0.000000	0.000000
0.000000	0.000000
1.000000	1.000000
0.000001	0.000000
0.000000	0.000000
0.999973	0.000000
0.999926	1.000000
0.003624	1.000000
0.999761	1.000000
0.999992	1.000000
0.986154	0.000000
0.401947	1.000000
0.985551	1.000000
0.000870	0.000000
0.000000	0.000000
0.721410	0.000000
1.000000	1.000000
1.000000	1.000000
0.000000	0.000000
0.000000	0.000000
0.000846	0.000000
0.000000	0.000000
0.935784	0.000000
0.000026	0.000000
0.999999	1.000000
1.000000	1.000000
0.030688	1.000000
0.000000	0.000000
0.000000	0.000000
0.034310	0.000000
0.000002	0.000000
1.000000	1.000000
0.999264	1.000000
0.998051	0.000000
0.008019	0.000000
0.644423	0.000000
0.000003	1.000000
0.001023	1.000000
0.001244	1.000000
0.000000	0.000000
1.000000	1.000000
0.000000	0.000000
0.995292	1.000000
1.000000	1.000000
0.000000	0.000000
0.008970	0.000000
1.000000	1.000000
0.000017	0.000000
0.000000	0.000000
0.000017	0.000000
0.868444	1.000000
0.000000	0.000000
0.996982	1.000000
0.010347	0.000000
0.000000	0.000000
0.864531	0.000000
1.000000	0.000000
0.000514	0.000000
0.000000	0.000000
0.001177	1.000000
0.914053	1.000000
0.725038	1.000000
0.000000	0.000000
0.999985	1.000000
0.016792	1.000000
0.000000	0.000000
0.000000	0.000000
0.999292	1.000000
1.000000	1.000000
0.000039	0.000000
0.000061	0.000000
0.014811	0.000000
0.000000	0.000000
1.000000	1.000000
0.000003	0.000000
0.000000	0.000000
0.000015	0.000000
0.000001	0.000000
0.000002	0.000000
0.000001	0.000000
0.998613	1.000000
0.000000	0.000000
0.144386	1.000000
0.010120	0.000000
0.000000	0.000000
1.000000	1.000000
0.000000	0.000000
0.000000	0.000000
0.000340	0.000000
0.000000	0.000000
1.000000	0.000000
0.094798	0.000000
0.000006	0.000000
0.000000	0.000000
0.000000	0.000000
0.000000	0.000000
0.000000	0.000000
0.040982	0.000000
1.000000	1.000000
0.000000	0.000000
0.000001	0.000000
0.038760	1.000000
0.356595	1.000000
0.000001	0.000000
0.999985	1.000000
0.001366	1.000000
0.999838	0.000000
0.000548	0.000000
0.000000	0.000000
0.000000	0.000000
0.999992	0.000000
0.000000	0.000000
0.000003	0.000000
0.999996	1.000000
0.000005	1.000000
0.607540	1.000000
0.816757	1.000000
0.999989	1.000000
0.000000	0.000000
0.980092	1.000000
0.999999	1.000000
0.395494	1.000000
0.000002	0.000000
0.000000	0.000000
0.822968	1.000000
0.166333	1.000000
0.000273	0.000000
0.000262	0.000000
1.000000	1.000000
0.121685	1.000000
0.000049	0.000000
0.000000	0.000000
0.995093	1.000000
0.000396	1.000000
1.000000	1.000000
0.999997	0.000000
0.998144	1.000000
0.000000	0.000000
0.000000	0.000000
0.000000	0.000000
0.000000	0.000000
0.004756	1.000000
0.000000	0.000000
1.000000	1.000000
0.000000	0.000000
0.000000	0.000000
0.000000	0.000000
0.000487	0.000000
0.000000	0.000000
0.137748	0.000000
1.000000	1.000000
0.034039	0.000000
0.001540	0.000000
1.000000	1.000000
0.000000	0.000000
1.000000	1.000000
0.035551	1.000000
0.999979	1.000000
0.000001	0.000000
0.000000	1.000000
0.000000	0.000000
0.000000	0.000000
0.755517	1.000000
0.000013	0.000000
0.005905	0.000000
0.000000	0.000000
0.000000	0.000000
0.003489	0.000000
0.000000	0.000000
0.000088	0.000000
1.000000	1.000000
1.000000	0.000000
0.000380	0.000000
0.043507	1.000000
1.000000	1.000000
0.000007	0.000000
0.000415	0.000000
0.000000	0.000000
0.000000	0.000000
0.000000	0.000000
0.143294	0.000000
0.000220	0.000000
0.000000	0.000000
1.000000	1.000000
0.292226	1.000000
0.000010	0.000000
1.000000	1.000000
0.784819	1.000000
0.000708	0.000000
0.000014	0.000000
0.522112	1.000000
0.099830	1.000000
1.000000	1.000000
0.977477	0.000000
1.000000	1.000000
0.999997	1.000000
1.000000	1.000000
0.933582	0.000000
0.999987	1.000000
0.172650	1.000000
0.000000	0.000000
0.983693	1.000000
1.000000	1.000000
0.000000	1.000000
1.000000	1.000000
0.008605	0.000000
0.000114	0.000000
0.000000	0.000000
0.000000	0.000000
0.999996	1.000000
0.997440	1.000000
0.000000	0.000000
0.041867	1.000000
0.012123	0.000000
0.999781	1.000000
0.026637	1.000000
0.128945	1.000000
0.955144	1.000000
0.000223	0.000000
0.013733	0.000000
0.037918	0.000000
0.000000	0.000000
0.000000	0.000000
0.999998	1.000000
0.000003	0.000000
1.000000	1.000000
0.952260	1.000000
0.999999	0.000000
0.354927	1.000000
0.000000	0.000000
0.924610	0.000000
0.000009	1.000000
0.000001	0.000000
1.000000	1.000000
0.995605	0.000000
0.000000	0.000000
0.001444	0.000000
0.000081	0.000000
0.000000	0.000000
0.000000	0.000000
0.000000	0.000000
0.004196	0.000000
0.000001	0.000000
0.082890	0.000000
0.000010	0.000000
0.000000	0.000000
0.054783	0.000000
0.038322	1.000000
0.000000	0.000000
1.000000	1.000000
1.000000	1.000000
1.000000	1.000000
0.999824	1.000000
1.000000	1.000000
0.209223	0.000000
0.000000	0.000000
0.999998	1.000000
1.000000	1.000000
0.000000	0.000000
0.036333	0.000000
0.863051	0.000000
0.000000	0.000000
0.000000	0.000000
0.000001	0.000000
0.000000	0.000000
1.000000	1.000000
0.000000	0.000000
0.000000	0.000000
0.999647	0.000000
0.999999	1.000000
0.021599	0.000000
0.000000	0.000000
0.334984	1.000000
0.000000	0.000000
0.999989	0.000000
0.069327	1.000000
0.358437	1.000000
0.000111	1.000000
0.029323	0.000000
0.000000	0.000000
1.000000	1.000000
0.000001	0.000000
0.000000	0.000000
0.999774	1.000000
0.196358	0.000000
1.000000	0.000000
0.000000	0.000000
0.024396	0.000000
0.065687	0.000000
0.000216	0.000000
0.000024	0.000000
1.000000	0.000000
0.997106	0.000000
0.999903	1.000000
0.032192	0.000000
0.000000	0.000000
0.000000	0.000000
1.000000	1.000000
0.000000	0.000000
0.000563	1.000000
0.999965	1.000000
0.000000	0.000000
0.999559	1.000000
0.000000	0.000000
0.106226	1.000000
0.999002	1.000000
0.029488	1.000000
0.999998	1.000000
0.999993	1.000000
0.311630	0.000000
0.197290	0.000000
1.000000	1.000000
0.999892	1.000000
1.000000	1.000000
0.000000	0.000000
0.000005	1.000000
0.000000	0.000000
1.000000	1.000000
0.999988	1.000000
0.444843	0.000000
0.000000	0.000000
0.911014	0.000000
0.010957	1.000000
0.000000	0.000000
0.025201	0.000000
0.999997	0.000000
0.180146	1.000000
0.999960	1.000000
0.564728	1.000000
1.000000	1.000000
0.999971	1.000000
0.000000	0.000000
0.000000	0.000000
0.000000	0.000000
0.000000	0.000000
0.998808	1.000000
1.000000	1.000000
0.000000	0.000000
0.000000	0.000000
0.987262	1.000000
0.999972	1.000000
0.000000	0.000000
1.000000	1.000000
0.000000	0.000000
0.000000	0.000000
0.000000	0.000000
0.000000	0.000000
0.000000	0.000000
0.000003	0.000000
0.000001	0.000000
0.999999	1.000000
0.000000	0.000000
0.000654	0.000000
0.989995	1.000000
0.593876	0.000000
1.000000	1.000000
0.000000	0.000000
0.000169	1.000000
0.000000	0.000000
0.000000	0.000000
0.000077	0.000000
0.482139	0.000000
0.998203	1.000000
0.000055	1.000000
0.005601	0.000000
0.000825	0.000000
1.000000	1.000000
0.844484	0.000000
0.996532	0.000000
0.999815	0.000000
0.932425	1.000000
0.000000	0.000000
1.000000	1.000000
0.000005	0.000000
0.999118	0.000000
1.000000	1.000000
1.000000	1.000000
0.935221	1.000000
1.000000	1.000000
1.000000	1.000000
0.000169	0.000000
0.000000	0.000000
0.999992	1.000000
0.994308	0.000000
0.000011	0.000000
1.000000	1.000000
0.999118	0.000000
0.000000	0.000000
1.000000	1.000000
1.000000	1.000000
1.000000	1.000000
0.000000	0.000000
0.000000	0.000000
0.000011	0.000000
0.000000	0.000000
1.000000	1.000000
0.999526	0.000000
0.036611	0.000000
0.000101	0.000000
0.998560	0.000000
0.000000	0.000000
0.000157	1.000000
0.000512	1.000000
1.000000	1.000000
0.063791	1.000000
0.000000	0.000000
0.000000	0.000000
1.000000	1.000000
0.526616	1.000000
0.839199	1.000000
0.005733	1.000000
0.000000	0.000000
0.000004	0.000000
1.000000	1.000000
0.950313	1.000000
0.000000	1.000000
0.998211	0.000000
0.000040	0.000000
0.000069	0.000000
0.040659	0.000000
0.000027	0.000000
0.000002	1.000000
0.000000	0.000000
0.993573	0.000000
1.000000	0.000000
1.000000	1.000000
0.000032	0.000000
0.000000	0.000000
0.999779	1.000000
0.999975	1.000000
1.000000	1.000000
0.000000	0.000000
0.952230	0.000000
1.000000	0.000000
0.000148	0.000000
0.999949	1.000000
0.000000	0.000000
0.999499	1.000000
1.000000	1.000000
0.000000	0.000000
1.000000	1.000000
0.000000	0.000000
0.000000	0.000000
1.000000	1.000000
1.000000	1.000000
1.000000	1.000000
1.000000	1.000000
1.000000	1.000000
0.000000	0.000000
0.000001	0.000000
0.032891	0.000000
0.999996	1.000000
0.000184	0.000000
0.000001	0.000000
0.016025	0.000000
0.000000	0.000000
0.000009	0.000000
0.999999	0.000000
0.999954	1.000000
0.000000	0.000000
0.000000	0.000000
1.000000	1.000000
0.000000	0.000000
0.981109	1.000000
0.856828	1.000000
0.196825	1.000000
0.000000	0.000000
0.000063	0.000000
0.003590	1.000000
0.000001	0.000000
0.000000	0.000000
1.000000	1.000000
0.000000	0.000000
0.055030	1.000000
0.000000	0.000000
0.009891	1.000000
0.001083	0.000000
0.184189	1.000000
0.020859	0.000000
0.000524	0.000000
0.000000	0.000000
0.000001	0.000000
0.000000	0.000000
0.000000	0.000000
1.000000	1.000000
0.000000	0.000000
0.374866	0.000000
0.999974	1.000000
1.000000	1.000000
0.000000	0.000000
0.018435	0.000000
1.000000	1.000000
0.000000	0.000000
0.000000	0.000000
1.000000	1.000000
1.000000	1.000000
1.000000	1.000000
1.000000	1.000000
1.000000	1.000000
0.991269	1.000000
0.000000	0.000000
0.999999	1.000000
0.999997	1.000000
0.000000	0.000000
0.000009	1.000000
0.210365	1.000000
0.999849	1.000000
0.767432	1.000000
0.975241	1.000000
0.000006	0.000000
0.000152	1.000000
0.006769	0.000000
0.072317	0.000000
0.002210	0.000000
0.999999	1.000000
0.000000	0.000000
0.970780	0.000000
0.715808	1.000000
1.000000	1.000000
0.000000	0.000000
0.000705	1.000000
0.999999	1.000000
0.000687	0.000000
0.000004	0.000000
1.000000	1.000000
0.000000	0.000000
0.037912	0.000000
0.910766	1.000000
0.000000	0.000000
0.000000	0.000000
0.991513	1.000000
0.000003	0.000000
0.172314	1.000000
0.999972	1.000000
0.000000	0.000000
0.014186	0.000000
0.999867	1.000000
0.999999	1.000000
0.119338	1.000000
0.000005	0.000000
1.000000	1.000000
1.000000	1.000000
0.137353	0.000000
1.000000	1.000000
0.000000	0.000000
0.999725	1.000000
1.000000	1.000000
0.999999	1.000000
1.000000	1.000000
0.000000	0.000000
0.753011	0.000000
0.999998	1.000000
1.000000	1.000000
0.000000	0.000000
0.215778	1.000000
0.000000	0.000000
0.000000	0.000000
0.000867	0.000000
0.774757	1.000000
0.000437	0.000000
0.999930	1.000000
0.022162	0.000000
0.000010	0.000000
0.000187	1.000000
0.973036	0.000000
0.991535	1.000000
0.000000	0.000000
0.674370	1.000000
0.000597	0.000000
0.000000	0.000000
0.002240	1.000000
0.986429	0.000000
0.000023	0.000000
0.000001	0.000000
0.999982	1.000000
0.000000	0.000000
1.000000	1.000000
0.000632	0.000000
1.000000	1.000000
0.000000	0.000000
1.000000	1.000000
0.994434	1.000000
0.000052	1.000000
0.104385	0.000000
0.000003	0.000000
0.000000	0.000000
0.000000	0.000000
0.000000	0.000000
0.999379	1.000000
1.000000	1.000000
1.000000	1.000000
0.994837	0.000000
0.999460	1.000000
0.000000	0.000000
1.000000	1.000000
0.000004	0.000000
0.002930	1.000000
0.996581	1.000000
0.000000	0.000000
1.000000	1.000000
0.012392	0.000000
0.160796	0.000000
0.000034	1.000000
0.000000	1.000000
0.292607	1.000000
0.000001	0.000000
0.000000	0.000000
0.030570	0.000000
1.000000	1.000000
0.000000	0.000000
0.999958	1.000000
0.999958	1.000000
0.000009	0.000000
0.000000	0.000000
0.959380	0.000000
0.003299	1.000000
0.913413	1.000000
0.993263	0.000000
0.000008	0.000000
1.000000	1.000000
0.000000	0.000000
0.680848	1.000000
1.000000	1.000000
0.002741	1.000000
0.986296	1.000000
0.000521	0.000000
1.000000	1.000000
0.000035	0.000000
0.999997	1.000000
0.000000	0.000000
0.000254	0.000000
0.000081	0.000000
0.000010	0.000000
0.990702	0.000000
0.002061	0.000000
0.000000	0.000000
0.000000	0.000000
0.000004	0.000000
0.000000	0.000000
0.000000	0.000000
0.000009	0.000000
1.000000	1.000000
0.000072	0.000000
0.000073	1.000000
0.000000	0.000000
0.044468	0.000000
0.000000	0.000000
0.000067	0.000000
0.089828	1.000000
0.999999	1.000000
0.000000	0.000000
0.001269	0.000000
0.000008	0.000000
0.999858	1.000000
0.000000	0.000000
1.000000	1.000000
1.000000	1.000000
1.000000	1.000000
0.000000	0.000000
0.000159	0.000000
0.000000	0.000000
0.000000	0.000000
0.000000	0.000000
0.000000	0.000000
0.000011	1.000000
0.000001	0.000000
0.000000	0.000000
0.020280	1.000000
0.026819	1.000000
0.000000	0.000000
1.000000	1.000000
0.269222	1.000000
0.000000	0.000000
0.999938	1.000000
0.015068	1.000000
0.999782	1.000000
0.000000	0.000000
0.000024	0.000000
0.000000	0.000000
0.946085	1.000000
1.000000	1.000000
0.976403	1.000000
0.368668	0.000000
0.000000	0.000000
0.000000	0.000000
1.000000	1.000000
0.977638	0.000000
1.000000	1.000000
0.000000	0.000000
0.000000	0.000000
0.001693	0.000000
0.993494	0.000000
0.999243	0.000000
0.000003	0.000000
0.000000	0.000000
1.000000	1.000000
0.000000	0.000000
1.000000	1.000000
0.027519	0.000000
0.999999	1.000000
0.996096	1.000000
0.996154	1.000000
0.000000	1.000000
0.000000	0.000000
0.999907	1.000000
0.000012	0.000000
0.000000	0.000000
0.010766	0.000000
0.996088	1.000000
1.000000	1.000000
0.000000	0.000000
0.000000	0.000000
0.000000	0.000000
0.000001	0.000000
0.002503	0.000000
1.000000	1.000000
0.999425	1.000000
0.000000	0.000000
1.000000	0.000000
0.219212	0.000000
1.000000	1.000000
0.784626	1.000000
1.000000	1.000000
1.000000	1.000000
0.000003	0.000000
0.000000	0.000000
0.000000	0.000000
0.000000	0.000000
1.000000	1.000000
0.999854	1.000000
0.000000	0.000000
0.000000	0.000000
0.000824	0.000000
1.000000	1.000000
0.855242	1.000000
0.000001	0.000000
0.998236	1.000000
0.999995	1.000000
0.000177	1.000000
0.837716	1.000000
0.000000	0.000000
0.000000	0.000000
0.000000	0.000000
1.000000	1.000000
0.000000	0.000000
0.999765	1.000000
0.000000	0.000000
1.000000	0.000000
0.000001	1.000000
0.000000	0.000000
0.577785	0.000000
0.000001	0.000000
0.000044	0.000000
0.000000	0.000000
0.999999	1.000000
0.000000	0.000000
1.000000	0.000000
1.000000	1.000000
0.000000	0.000000
0.000000	0.000000
0.018369	0.000000
0.000010	1.000000
0.000000	0.000000
0.000503	1.000000
0.000000	0.000000
1.000000	1.000000
0.000001	0.000000
1.000000	1.000000
0.000004	0.000000
0.037150	1.000000
1.000000	1.000000
0.996594	1.000000
0.491987	1.000000
0.999366	1.000000
0.000000	0.000000
0.000000	0.000000
0.368994	1.000000
0.000001	0.000000
0.000001	1.000000
1.000000	1.000000
1.000000	1.000000
0.999821	0.000000
0.000353	0.000000
0.000000	0.000000
0.000000	0.000000
0.000000	0.000000
0.000003	0.000000
0.000001	0.000000
0.000000	0.000000
0.000000	0.000000
0.000000	0.000000
0.999738	1.000000
0.135141	1.000000
0.759872	1.000000
0.689261	1.000000
0.999942	0.000000
0.936553	1.000000
0.910767	1.000000
0.242368	0.000000
0.000000	0.000000
0.000000	1.000000
0.000001	1.000000
0.000000	0.000000
0.000000	0.000000
0.011924	1.000000
0.982653	1.000000
0.000000	0.000000
0.000001	0.000000
0.000000	0.000000
1.000000	0.000000
0.000000	0.000000
0.999838	1.000000
1.000000	1.000000
0.994974	1.000000
0.000001	0.000000
1.000000	1.000000
1.000000	1.000000
0.873706	1.000000
0.004085	1.000000
0.000025	0.000000
0.999999	1.000000
1.000000	1.000000
0.000000	0.000000
0.976470	1.000000
0.999979	1.000000
0.000002	0.000000
0.999991	1.000000
0.000000	0.000000
0.002041	0.000000
0.240128	0.000000
1.000000	1.000000
0.000000	0.000000
0.000000	0.000000
0.000000	0.000000
0.000001	0.000000
1.000000	1.000000
0.894700	1.000000
0.000000	0.000000
0.000000	0.000000
0.999981	1.000000
0.000000	0.000000
0.999784	1.000000
0.000782	0.000000
0.032403	1.000000
0.020402	1.000000
0.000000	0.000000
0.002436	0.000000
0.999888	1.000000
1.000000	1.000000
0.694097	0.000000
0.000491	1.000000
0.000145	0.000000
1.000000	1.000000
0.000083	0.000000
0.921793	0.000000
0.000000	0.000000
1.000000	1.000000
0.000171	0.000000
0.001129	0.000000
0.999988	1.000000
1.000000	1.000000
0.000000	0.000000
0.077644	0.000000
0.943561	1.000000
0.000000	1.000000
1.000000	1.000000
0.993707	1.000000
0.000000	0.000000
0.005654	0.000000
0.999997	1.000000
0.053361	1.000000
0.000000	0.000000
1.000000	1.000000
0.001229	0.000000
0.000000	0.000000
0.000000	0.000000
0.004464	0.000000
0.000001	0.000000
0.999817	1.000000
0.000000	0.000000
0.000000	0.000000
0.000000	0.000000
0.000000	0.000000
1.000000	1.000000
0.999985	0.000000
0.110887	1.000000
0.998859	1.000000
0.871365	0.000000
0.308313	0.000000
1.000000	1.000000
0.999994	1.000000
1.000000	1.000000
0.999566	0.000000
0.000319	0.000000
0.000000	0.000000
0.375773	1.000000
0.916621	1.000000
0.999991	1.000000
0.000075	1.000000
0.075049	1.000000
0.999934	1.000000
0.997749	0.000000
0.000000	0.000000
0.819904	1.000000
0.000000	0.000000
0.996465	1.000000
0.000000	0.000000
0.999351	1.000000
1.000000	1.000000
0.006661	0.000000
0.999960	1.000000
0.000000	0.000000
0.000000	0.000000
0.000000	0.000000
0.000006	0.000000
0.000000	0.000000
0.001504	0.000000
0.000418	1.000000
0.000000	0.000000
0.000006	1.000000
0.000000	0.000000
0.731493	0.000000
0.000000	0.000000
0.999992	1.000000
0.000183	1.000000
0.980211	1.000000
0.089564	1.000000
0.000000	0.000000
0.000000	0.000000
0.999980	1.000000
1.000000	1.000000
1.000000	1.000000
0.000000	0.000000
0.059727	0.000000
0.999929	1.000000
0.010948	1.000000
0.000000	0.000000
0.079753	0.000000
0.000000	0.000000
0.269569	1.000000
0.999713	1.000000
1.000000	0.000000
0.000001	0.000000
0.003241	1.000000
0.000000	0.000000
0.000000	0.000000
0.000000	1.000000
1.000000	1.000000
0.000000	0.000000
0.999999	1.000000
1.000000	1.000000
0.000002	0.000000
0.000000	0.000000
0.998301	1.000000
0.662497	1.000000
0.000000	0.000000
0.000000	1.000000
0.091739	1.000000
0.999766	1.000000
0.035690	1.000000
0.999158	1.000000
0.005059	1.000000
0.000031	0.000000
0.000000	0.000000
0.987382	0.000000
0.000000	0.000000
0.777117	1.000000
0.995787	0.000000
0.994766	1.000000
0.000001	1.000000
0.714379	0.000000
0.000000	0.000000
0.998779	1.000000
0.000309	0.000000
0.000006	0.000000
0.277778	1.000000
0.319342	1.000000
0.999618	1.000000
0.000697	0.000000
0.000000	0.000000
0.000001	0.000000
0.996953	0.000000
0.000000	1.000000
1.000000	1.000000
0.000040	0.000000
0.000000	0.000000
0.999999	1.000000
0.999998	0.000000
0.999972	0.000000
1.000000	1.000000
1.000000	1.000000
0.999981	1.000000
0.000000	0.000000
0.000029	0.000000
0.410002	1.000000
0.076663	0.000000
0.000066	1.000000
0.000000	0.000000
0.999948	1.000000
0.000000	0.000000
0.000000	0.000000
0.870660	1.000000
0.000031	0.000000
1.000000	1.000000
0.000000	0.000000
0.000121	0.000000
1.000000	1.000000
0.003577	0.000000
0.000000	0.000000
0.137396	0.000000
0.002290	0.000000
0.000000	0.000000
0.000000	0.000000
0.000000	0.000000
1.000000	1.000000
0.003278	1.000000
0.477840	0.000000
1.000000	1.000000
1.000000	1.000000
0.000000	0.000000
0.000000	0.000000
0.983236	1.000000
0.101318	1.000000
0.000000	0.000000
0.999691	0.000000
0.000000	0.000000
0.992238	1.000000
0.136617	0.000000
0.667098	0.000000
0.971425	1.000000
0.000000	0.000000
0.000000	0.000000
0.000014	0.000000
0.000000	0.000000
0.536099	0.000000
0.000186	1.000000
0.000000	0.000000
0.988157	0.000000
1.000000	1.000000
0.001412	1.000000
0.878408	1.000000
0.000065	0.000000
0.982547	1.000000
0.000536	0.000000
0.000000	0.000000
1.000000	1.000000
0.000002	0.000000
1.000000	1.000000
0.000000	0.000000
0.952116	0.000000
0.000000	0.000000
0.000063	1.000000
0.000000	0.000000
0.000001	0.000000
0.000000	1.000000
0.000000	0.000000
0.000000	0.000000
0.999801	1.000000
0.000000	0.000000
0.998974	1.000000
0.733273	1.000000
0.999985	0.000000
0.997604	1.000000
0.000000	0.000000
0.000000	0.000000
0.948354	0.000000
0.000052	0.000000
0.978012	1.000000
0.000000	0.000000
0.000000	0.000000
0.999995	1.000000
0.000000	0.000000
0.000088	0.000000
1.000000	0.000000
1.000000	0.000000
0.006164	0.000000
0.000000	0.000000
0.000036	0.000000
1.000000	0.000000
0.000002	0.000000
0.000000	0.000000
0.045499	0.000000
0.000000	0.000000
0.999951	0.000000
0.303259	1.000000
1.000000	1.000000
1.000000	1.000000
0.998784	1.000000
0.999977	1.000000
0.000240	0.000000
0.000000	0.000000
1.000000	1.000000
0.992499	1.000000
0.000000	0.000000
0.999949	1.000000
1.000000	1.000000
1.000000	1.000000
0.000008	0.000000
0.000000	0.000000
0.000004	0.000000
0.012436	0.000000
0.374677	1.000000
0.000000	0.000000
0.000014	0.000000
0.000020	1.000000
0.993704	1.000000
0.000000	0.000000
0.999651	1.000000
0.420334	0.000000
1.000000	1.000000
0.999552	1.000000
0.056459	0.000000
0.024446	0.000000
0.599916	1.000000
0.000008	1.000000
1.000000	1.000000
0.000030	0.000000
0.014213	0.000000
0.999952	1.000000
0.730036	1.000000
0.000087	0.000000
0.000000	0.000000
0.999081	0.000000
0.977097	1.000000
1.000000	0.000000
0.653722	1.000000
0.000127	0.000000
0.040181	0.000000
0.000580	0.000000
0.000000	0.000000
0.000000	0.000000
0.999414	1.000000
0.000002	0.000000
1.000000	1.000000
0.000000	0.000000
0.000029	0.000000
0.000000	0.000000
0.096877	0.000000
1.000000	1.000000
0.000000	0.000000
0.000000	0.000000
0.000586	1.000000
0.969654	1.000000
1.000000	1.000000
0.998238	0.000000
1.000000	1.000000
0.000000	0.000000
1.000000	1.000000
0.000000	0.000000
0.998133	1.000000
0.999812	1.000000
0.000000	0.000000
0.993435	1.000000
0.012293	0.000000
0.000000	0.000000
0.000001	0.000000
0.032084	1.000000
0.376896	1.000000
0.001858	0.000000
0.000231	1.000000
0.981457	1.000000
0.069365	1.000000
0.000000	0.000000
0.000000	0.000000
0.883149	0.000000
0.970461	1.000000
0.000009	0.000000
0.998656	0.000000
0.000000	0.000000
0.000000	0.000000
1.000000	1.000000
0.000000	0.000000
0.138053	0.000000
0.008438	1.000000
0.994405	1.000000
0.000000	0.000000
0.000000	0.000000
0.000000	0.000000
0.999992	1.000000
0.405376	0.000000
1.000000	1.000000
0.000000	0.000000
1.000000	1.000000
0.999913	1.000000
0.999985	1.000000
0.999219	1.000000
0.000014	0.000000
0.000000	0.000000
0.035746	1.000000
1.000000	1.000000
0.998531	1.000000
0.038325	0.000000
0.000117	0.000000
0.995488	1.000000
0.000000	0.000000
0.544758	1.000000
0.000000	0.000000
0.833212	1.000000
0.072437	0.000000
0.000000	0.000000
0.000000	0.000000
0.000033	0.000000
0.002746	1.000000
0.003466	0.000000
0.000000	0.000000
0.000000	0.000000
1.000000	1.000000
1.000000	1.000000
1.000000	1.000000
0.000435	0.000000
0.997913	1.000000
1.000000	1.000000
0.000000	0.000000
0.000084	0.000000
1.000000	1.000000
0.000002	0.000000
0.000002	0.000000
1.000000	1.000000
0.000228	0.000000
0.000000	0.000000
0.000000	0.000000
0.000000	0.000000
0.000000	0.000000
1.000000	1.000000
0.000000	0.000000
0.999878	1.000000
1.000000	1.000000
0.000420	1.000000
0.000207	1.000000
0.000000	0.000000
0.035090	0.000000
0.002393	0.000000
0.010120	0.000000
0.013262	0.000000
0.977478	0.000000
0.000000	0.000000
1.000000	1.000000
0.000409	0.000000
0.000048	1.000000
0.999700	1.000000
0.840033	1.000000
0.546037	0.000000
0.880476	0.000000
0.000000	0.000000
1.000000	1.000000
0.991214	1.000000
0.730439	1.000000
1.000000	1.000000
0.000000	0.000000
0.999998	1.000000
0.000000	0.000000
0.001183	0.000000
0.006418	0.000000
0.999998	1.000000
0.000000	0.000000
0.000000	0.000000
0.031207	0.000000
0.000000	0.000000
1.000000	1.000000
0.004251	0.000000
0.000153	0.000000
0.106362	0.000000
1.000000	1.000000
0.000001	0.000000
0.000007	0.000000
0.855097	0.000000
0.000000	0.000000
0.955440	0.000000
0.999980	1.000000
0.998553	1.000000
1.000000	1.000000
0.112470	0.000000
0.000005	1.000000
0.897058	0.000000
0.489915	0.000000
0.999997	1.000000
0.000020	0.000000
0.000000	0.000000
0.000000	0.000000
0.000001	1.000000
0.000001	0.000000
0.000000	0.000000
0.000221	0.000000
0.959337	1.000000
0.997802	0.000000
0.994066	1.000000
0.000000	1.000000
0.000002	0.000000
0.000000	0.000000
1.000000	1.000000
0.000000	0.000000
1.000000	1.000000
0.999957	1.000000
0.001050	0.000000
0.987560	1.000000
0.999901	1.000000
0.127774	0.000000
0.999748	1.000000
1.000000	1.000000
1.000000	1.000000
1.000000	1.000000
0.000000	0.000000
0.000000	0.000000
0.000000	0.000000
0.952195	1.000000
0.000000	0.000000
1.000000	1.000000
1.000000	1.000000
1.000000	1.000000
0.927285	1.000000
1.000000	0.000000
1.000000	1.000000
1.000000	1.000000
0.962036	1.000000
0.000000	0.000000
0.000000	0.000000
0.999999	1.000000
0.144820	1.000000
0.000000	0.000000
0.719376	0.000000
0.000000	0.000000
0.999995	0.000000
0.006223	0.000000
0.000000	0.000000
0.999348	0.000000
0.000000	0.000000
0.000000	0.000000
0.000000	0.000000
0.999999	0.000000
1.000000	1.000000
0.000000	0.000000
0.000000	0.000000
0.000009	0.000000
0.000000	0.000000
0.958388	1.000000
0.400232	0.000000
1.000000	1.000000
0.012390	0.000000
0.000000	0.000000
1.000000	1.000000
0.000000	0.000000
0.223475	0.000000
0.001386	0.000000
0.967929	1.000000
0.002187	1.000000
0.000003	0.000000
0.000000	0.000000
1.000000	1.000000
0.000001	0.000000
0.000000	0.000000
1.000000	1.000000
0.999177	1.000000
0.008161	1.000000
0.999990	1.000000
0.000000	0.000000
0.999910	0.000000
1.000000	1.000000
0.000086	0.000000
0.014543	0.000000
0.000000	0.000000
0.000000	0.000000
1.000000	1.000000
0.907328	1.000000
0.000000	0.000000
0.000000	0.000000
0.000000	0.000000
1.000000	1.000000
0.000000	0.000000
0.006286	0.000000
0.039618	0.000000
1.000000	0.000000
1.000000	1.000000
0.000000	0.000000
0.961083	1.000000
0.000576	0.000000
0.000910	0.000000
0.000000	0.000000
0.093608	0.000000
0.000615	0.000000
0.002677	0.000000
0.911232	1.000000
0.000000	0.000000
0.000457	0.000000
0.001022	0.000000
0.000000	0.000000
0.000046	0.000000
0.000000	0.000000
0.000000	0.000000
0.999980	1.000000
1.000000	1.000000
1.000000	1.000000
0.001246	0.000000
0.000000	0.000000
0.000000	0.000000
0.045470	0.000000
0.000000	0.000000
0.999551	0.000000
0.999999	1.000000
0.999931	1.000000
0.000000	0.000000
1.000000	1.000000
0.000000	0.000000
0.878704	1.000000
0.999987	0.000000
0.554862	0.000000
0.999992	1.000000
0.000005	0.000000
0.000000	0.000000
0.000007	1.000000
0.000000	0.000000
0.000368	1.000000
0.001034	0.000000
0.000000	0.000000
0.000000	0.000000
0.000000	0.000000
0.000000	0.000000
0.999556	0.000000
0.000000	0.000000
0.338625	0.000000
0.000007	0.000000
0.999998	1.000000
0.948663	1.000000
0.999925	0.000000
0.000000	0.000000
0.976363	1.000000
0.000672	0.000000
0.080156	0.000000
0.000000	0.000000
0.000000	0.000000
1.000000	1.000000
0.000002	1.000000
0.000359	0.000000
1.000000	1.000000
0.000000	0.000000
0.996805	1.000000
0.106311	1.000000
0.000000	0.000000
0.000081	0.000000
0.000000	0.000000
1.000000	1.000000
0.000011	0.000000
0.726632	0.000000
0.000000	0.000000
0.001547	0.000000
0.000302	0.000000
0.000000	0.000000
0.003344	0.000000
0.000000	1.000000
0.152315	1.000000
0.999997	1.000000
0.000071	0.000000
0.997328	1.000000
1.000000	1.000000
0.039395	1.000000
0.000000	0.000000
0.001495	0.000000
0.000000	0.000000
0.999412	0.000000
0.990240	0.000000
0.000015	0.000000
1.000000	1.000000
0.000000	0.000000
0.999971	1.000000
0.000000	0.000000
0.000000	0.000000
0.000000	0.000000
0.975370	0.000000
0.000260	1.000000
1.000000	1.000000
0.000002	0.000000
0.000000	0.000000
0.000000	0.000000
0.997262	1.000000
1.000000	1.000000
0.000009	0.000000
0.999609	0.000000
1.000000	1.000000
0.000000	0.000000
0.000000	0.000000
1.000000	0.000000
0.000000	0.000000
0.750981	0.000000
0.000000	0.000000
0.000000	0.000000
0.976948	1.000000
1.000000	1.000000
0.000088	0.000000
0.999995	1.000000
0.000418	0.000000
0.000000	0.000000
0.992839	1.000000
0.000000	0.000000
0.670052	1.000000
0.999188	1.000000
1.000000	1.000000
0.000000	0.000000
0.000002	0.000000
0.000000	0.000000
0.000965	0.000000
0.999995	0.000000
1.000000	1.000000
0.000042	1.000000
0.581887	1.000000
0.999991	1.000000
0.997719	1.000000
0.000814	0.000000
0.999997	1.000000
0.000000	0.000000
0.999998	1.000000
1.000000	1.000000
0.018141	1.000000
0.000000	0.000000
0.000000	0.000000
0.998787	1.000000
0.999437	1.000000
0.644896	0.000000
1.000000	0.000000
0.000157	0.000000
0.000000	0.000000
0.000002	0.000000
0.000000	0.000000
0.999999	1.000000
0.004199	0.000000
0.001078	1.000000
0.000000	0.000000
0.000013	0.000000
0.000000	0.000000
0.000014	0.000000
0.999884	0.000000
0.000015	0.000000
0.999998	1.000000
1.000000	1.000000
0.001986	0.000000
0.000109	0.000000
0.000335	0.000000
0.000018	0.000000
0.000007	0.000000
0.000002	0.000000
0.000000	0.000000
0.000475	0.000000
0.000001	0.000000
1.000000	1.000000
1.000000	1.000000
1.000000	1.000000
1.000000	1.000000
0.000000	0.000000
0.000002	0.000000
0.000243	0.000000
0.000004	0.000000
1.000000	1.000000
0.977754	0.000000
0.004887	0.000000
0.116460	1.000000
0.000020	0.000000
1.000000	1.000000
0.000142	0.000000
0.189446	0.000000
0.998815	1.000000
0.999996	0.000000
0.071979	1.000000
0.000000	0.000000
1.000000	1.000000
0.005973	0.000000
1.000000	1.000000
0.121731	1.000000
0.000000	0.000000
0.000000	0.000000
0.000080	0.000000
1.000000	1.000000
1.000000	1.000000
0.999998	0.000000
0.005400	0.000000
1.000000	1.000000
0.000000	0.000000
0.175395	1.000000
0.000016	0.000000
0.983537	1.000000
0.887632	1.000000
0.000000	0.000000
0.000000	0.000000
0.000000	0.000000
0.415631	1.000000
0.998304	0.000000
0.000000	0.000000
0.554051	0.000000
0.000000	0.000000
0.000000	0.000000
1.000000	1.000000
0.999880	1.000000
0.000000	0.000000
0.014799	1.000000
1.000000	1.000000
0.000000	0.000000
0.000000	0.000000
0.814581	1.000000
1.000000	0.000000
1.000000	1.000000
0.969864	0.000000
0.000000	0.000000
0.000040	0.000000
0.000016	0.000000
1.000000	1.000000
0.919233	0.000000
0.999862	0.000000
0.000084	0.000000
0.000000	0.000000
0.000000	0.000000
0.989193	0.000000
0.999998	1.000000
0.182815	1.000000
1.000000	1.000000
0.000000	0.000000
0.203509	0.000000
0.313702	1.000000
0.000022	0.000000
1.000000	1.000000
1.000000	1.000000
0.000735	1.000000
0.000000	0.000000
0.000000	0.000000
0.029009	0.000000
0.000006	0.000000
0.000000	0.000000
0.690267	1.000000
0.001490	0.000000
0.017261	1.000000
0.357038	0.000000
0.999993	1.000000
0.000105	0.000000
0.957638	1.000000
1.000000	1.000000
0.008178	1.000000
0.999993	1.000000
0.999797	1.000000
0.000000	0.000000
1.000000	0.000000
1.000000	1.000000
0.000001	0.000000
0.002345	1.000000
0.999884	1.000000
0.000000	0.000000
1.000000	1.000000
0.999918	1.000000
0.044793	1.000000
0.999996	1.000000
0.606380	0.000000
0.000010	0.000000
0.029220	1.000000
0.000000	0.000000
0.000000	0.000000
0.000000	0.000000
0.814493	0.000000
0.999968	1.000000
0.981564	0.000000
0.987585	0.000000
0.000011	0.000000
0.000000	0.000000
0.999998	1.000000
0.000002	0.000000
0.000000	0.000000
0.000000	0.000000
0.999998	1.000000
0.000000	0.000000
0.000000	1.000000
0.000000	0.000000
1.000000	1.000000
0.000000	0.000000
0.000928	1.000000
0.000072	0.000000
0.002366	0.000000
0.984011	0.000000
0.000000	0.000000
0.999982	0.000000
0.000038	0.000000
0.963003	1.000000
0.995280	1.000000
0.993936	1.000000
0.995932	0.000000
0.999877	0.000000
0.000000	0.000000
0.000000	0.000000
0.996663	1.000000
0.005372	0.000000
0.000005	0.000000
0.000000	0.000000
0.999836	1.000000
1.000000	1.000000
0.000000	0.000000
0.000000	0.000000
0.000000	0.000000
0.000000	0.000000
0.000000	0.000000
0.000000	1.000000
0.000000	0.000000
1.000000	1.000000
0.040466	0.000000
1.000000	1.000000
0.000001	0.000000
0.528414	1.000000
0.000003	1.000000
0.996341	1.000000
0.000242	0.000000
0.000000	0.000000
0.634751	1.000000
0.000003	1.000000
0.000001	0.000000
1.000000	1.000000
1.000000	1.000000
0.000005	0.000000
1.000000	1.000000
0.395420	0.000000
0.997045	1.000000
0.000228	0.000000
1.000000	1.000000
0.000005	0.000000
1.000000	0.000000
0.000900	0.000000
0.000038	0.000000
0.000000	0.000000
0.000000	0.000000
0.000005	1.000000
1.000000	1.000000
0.033412	0.000000
0.078012	0.000000
0.000000	0.000000
0.357027	1.000000
0.041105	1.000000
0.999999	1.000000
0.000465	1.000000
1.000000	1.000000
0.774575	0.000000
0.992105	1.000000
0.000000	0.000000
0.000008	0.000000
0.000693	0.000000
0.999834	0.000000
0.000019	0.000000
0.000000	0.000000
0.983742	1.000000
0.999995	1.000000
0.181569	0.000000
1.000000	1.000000
0.000000	0.000000
0.000580	0.000000
0.000000	0.000000
1.000000	1.000000
1.000000	1.000000
0.000000	0.000000
0.999578	1.000000
0.000000	0.000000
1.000000	0.000000
0.000435	0.000000
0.989161	0.000000
0.001881	0.000000
0.000001	0.000000
0.000059	0.000000
0.000002	0.000000
0.000000	0.000000
0.195593	0.000000
0.914926	0.000000
0.000000	0.000000
1.000000	1.000000
0.578672	1.000000
0.000000	0.000000
0.000000	1.000000
0.996763	1.000000
0.000005	0.000000
0.000000	0.000000
0.000000	0.000000
0.999826	0.000000
0.000005	0.000000
0.349412	0.000000
1.000000	1.000000
0.000000	0.000000
0.999989	1.000000
0.636263	0.000000
0.374526	1.000000
0.000000	0.000000
0.000000	0.000000
1.000000	1.000000
1.000000	1.000000
0.000000	0.000000
0.000000	0.000000
0.000000	0.000000
0.999999	1.000000
0.000000	0.000000
0.997754	1.000000
0.985284	1.000000
0.000001	0.000000
0.123372	1.000000
0.895691	1.000000
0.999972	1.000000
0.000000	0.000000
0.999928	1.000000
0.192611	1.000000
0.000000	0.000000
0.999676	1.000000
0.985102	1.000000
1.000000	1.000000
0.000000	0.000000
1.000000	1.000000
0.000000	0.000000
0.000000	0.000000
0.000000	0.000000
0.107896	1.000000
0.000000	0.000000
1.000000	1.000000
1.000000	1.000000
0.999154	1.000000
0.000000	0.000000
0.999715	1.000000
0.999933	1.000000
1.000000	1.000000
0.832425	1.000000
0.000000	0.000000
0.000386	0.000000
0.082232	0.000000
0.987417	0.000000
1.000000	1.000000
1.000000	1.000000
0.020997	0.000000
0.999994	1.000000
0.000000	0.000000
1.000000	1.000000
0.999983	1.000000
0.999991	1.000000
0.000021	0.000000
0.000000	0.000000
0.905228	1.000000
0.000000	0.000000
1.000000	1.000000
0.999997	1.000000
0.000021	0.000000
0.000000	0.000000
1.000000	1.000000
0.003258	1.000000
0.000010	0.000000
0.010006	1.000000
0.000000	0.000000
0.999794	1.000000
1.000000	1.000000
0.999530	1.000000
0.999931	1.000000
0.000000	0.000000
0.999991	0.000000
0.000000	0.000000
0.998685	1.000000
0.990643	1.000000
0.000000	0.000000
0.000000	0.000000
0.000000	0.000000
1.000000	1.000000
0.987281	1.000000
0.992530	1.000000
1.000000	1.000000
0.000000	0.000000
0.000006	0.000000
0.999994	1.000000
0.000000	0.000000
1.000000	1.000000
0.001036	0.000000
0.999983	1.000000
0.000004	0.000000
0.992664	0.000000
