Prob	Label
0.781890	1.0
0.000014	0.0
0.492546	1.0
0.549302	0.0
0.000011	0.0
0.961460	1.0
0.364680	1.0
0.994271	1.0
0.966377	1.0
0.000141	0.0
0.843714	1.0
0.892407	1.0
0.074902	1.0
0.000423	0.0
0.957452	1.0
0.021128	0.0
0.997952	0.0
0.001563	0.0
0.001180	0.0
0.941744	1.0
0.004625	0.0
0.997696	1.0
0.704105	1.0
0.000912	0.0
0.197305	0.0
0.002044	0.0
0.141088	1.0
0.009738	0.0
0.100175	0.0
0.102232	1.0
0.988085	0.0
0.737483	0.0
0.988259	1.0
0.575404	1.0
0.000000	0.0
0.998576	1.0
0.206892	0.0
0.997740	1.0
0.027232	0.0
0.999934	1.0
0.920891	1.0
0.024690	0.0
0.609237	0.0
0.990002	1.0
0.113237	0.0
0.999875	1.0
0.930383	0.0
0.872583	1.0
0.033204	0.0
0.999391	1.0
0.001987	0.0
0.000010	0.0
0.051144	0.0
0.413679	0.0
0.018029	0.0
0.005343	0.0
0.009154	0.0
0.037344	0.0
0.999123	1.0
0.026607	0.0
0.981744	1.0
0.004570	0.0
0.001142	0.0
0.000402	0.0
0.146098	1.0
0.999973	1.0
0.000005	0.0
0.002970	0.0
0.169212	0.0
0.032066	0.0
0.909715	1.0
0.002202	0.0
0.335406	1.0
0.461856	1.0
0.962326	1.0
0.000000	0.0
0.122680	0.0
0.961124	1.0
0.998321	1.0
0.020113	0.0
0.274539	1.0
0.109672	0.0
0.676796	1.0
0.058914	0.0
0.961364	1.0
0.980811	1.0
0.860868	1.0
0.905875	0.0
0.999983	1.0
0.963271	1.0
0.379215	1.0
0.417467	0.0
0.999999	1.0
0.033971	1.0
0.015806	0.0
0.027608	0.0
0.523061	0.0
0.938165	1.0
0.999059	1.0
0.999995	1.0
0.072615	0.0
0.628903	0.0
0.001808	0.0
0.990955	1.0
0.009266	0.0
0.960904	0.0
0.000639	0.0
0.001310	0.0
0.002811	0.0
0.999750	1.0
0.001073	0.0
0.994980	1.0
0.979846	0.0
0.000002	0.0
0.073414	0.0
0.969083	1.0
0.434770	1.0
0.093400	1.0
0.353434	1.0
0.020981	0.0
0.999994	1.0
1.000000	1.0
0.000000	0.0
0.116717	0.0
0.919749	1.0
0.077298	0.0
0.999742	1.0
0.951229	1.0
0.694543	0.0
0.000609	0.0
0.999742	1.0
0.470659	1.0
0.904537	1.0
0.221281	0.0
0.060780	0.0
0.308489	0.0
0.099314	1.0
0.972762	1.0
0.005266	0.0
0.851812	0.0
0.968043	1.0
0.111151	0.0
0.262664	0.0
0.984614	1.0
0.000597	0.0
0.203554	0.0
0.006190	0.0
0.159544	1.0
0.622325	0.0
0.129067	0.0
0.958464	1.0
0.000187	0.0
0.708305	1.0
0.048950	1.0
0.580649	0.0
0.000111	0.0
0.916233	1.0
0.038581	0.0
0.006991	0.0
0.518323	0.0
0.017873	0.0
0.068729	0.0
0.333906	1.0
0.993595	1.0
0.995358	1.0
0.040936	0.0
0.959126	0.0
0.000631	0.0
0.000404	0.0
0.973720	1.0
0.012912	0.0
0.000175	0.0
0.974832	1.0
0.997464	1.0
0.050078	0.0
0.958861	1.0
0.056107	0.0
0.025347	0.0
0.005585	0.0
0.088299	0.0
0.737774	1.0
0.953802	1.0
0.015516	0.0
0.985149	1.0
0.442142	0.0
0.293235	0.0
0.630716	1.0
0.395772	1.0
0.317692	0.0
0.891168	0.0
0.240195	1.0
0.977529	1.0
0.681778	0.0
0.210062	0.0
0.397715	0.0
0.033110	0.0
0.234197	0.0
0.144601	0.0
0.349424	0.0
0.000904	0.0
0.986502	1.0
0.073517	0.0
0.992718	1.0
0.089587	0.0
0.001412	0.0
0.969290	1.0
0.992210	1.0
0.999409	1.0
0.995205	1.0
0.505896	1.0
0.497284	0.0
0.006759	0.0
0.023995	0.0
0.026599	0.0
0.128048	0.0
0.047065	0.0
0.010552	0.0
0.890842	1.0
0.279397	1.0
0.203650	0.0
0.000001	0.0
0.927505	0.0
0.998462	1.0
0.999967	1.0
0.003862	0.0
0.865338	1.0
0.101473	0.0
0.012465	0.0
0.066769	0.0
0.000358	0.0
0.004207	0.0
0.364887	0.0
0.343074	1.0
0.045756	0.0
0.000135	0.0
0.000136	0.0
0.332606	1.0
0.088153	0.0
0.387207	0.0
0.000002	0.0
0.999094	1.0
0.913019	1.0
0.698772	1.0
0.403260	0.0
0.108043	0.0
0.075102	0.0
0.000394	0.0
0.011845	0.0
0.057226	0.0
0.540494	1.0
0.997431	1.0
0.667123	1.0
0.805750	1.0
0.632588	0.0
0.823750	1.0
0.332477	0.0
0.595348	1.0
0.999858	1.0
0.580411	1.0
0.529212	1.0
0.987330	1.0
0.912286	1.0
0.999618	1.0
0.000006	0.0
0.999731	1.0
0.869585	0.0
0.027094	0.0
0.613710	1.0
0.160243	0.0
0.206628	0.0
0.000194	0.0
0.004140	0.0
0.995081	1.0
0.944607	1.0
0.018509	0.0
0.024733	0.0
0.035960	0.0
0.999459	1.0
0.686414	1.0
0.051460	0.0
0.008648	0.0
0.001100	0.0
0.998405	1.0
0.981851	1.0
0.013453	0.0
0.293759	0.0
0.085971	1.0
0.080115	1.0
0.440776	0.0
0.361546	1.0
0.938777	1.0
0.234885	0.0
0.179132	0.0
0.049617	0.0
0.327014	0.0
0.043994	0.0
0.346391	0.0
0.119048	0.0
0.008012	0.0
0.162923	0.0
0.072774	0.0
0.002158	0.0
0.988135	1.0
0.000003	0.0
0.990596	1.0
0.136695	0.0
0.713673	1.0
0.000000	0.0
0.001907	0.0
0.159972	0.0
0.983379	1.0
0.999986	1.0
0.956752	1.0
0.000490	0.0
0.999974	0.0
0.999997	1.0
0.998173	1.0
0.622951	0.0
0.995005	1.0
0.007896	0.0
0.976371	1.0
0.951542	1.0
0.693500	1.0
0.028914	1.0
0.999965	1.0
0.324166	0.0
0.449386	1.0
0.165916	0.0
0.051683	0.0
0.055218	0.0
0.002929	0.0
0.044223	0.0
0.973535	1.0
0.084923	0.0
0.978152	1.0
0.031521	0.0
0.615048	1.0
0.156036	0.0
0.864675	1.0
0.996846	1.0
0.999926	1.0
0.001028	0.0
0.000411	0.0
0.269553	0.0
0.900670	0.0
0.107581	0.0
0.003326	0.0
0.048195	0.0
0.083524	0.0
0.000550	0.0
0.329510	0.0
0.000001	0.0
0.395559	0.0
0.139288	1.0
0.999338	1.0
0.970433	0.0
0.017891	0.0
0.087865	0.0
0.000009	0.0
0.637942	1.0
0.504600	0.0
0.948639	1.0
0.954052	1.0
0.991218	1.0
0.995422	1.0
0.779815	1.0
0.956717	1.0
0.999999	1.0
0.084763	0.0
0.000103	0.0
0.382121	0.0
0.134139	0.0
0.000994	0.0
0.000016	0.0
0.975600	1.0
0.033173	0.0
0.000000	0.0
0.981160	1.0
0.357819	1.0
0.905625	0.0
0.974833	0.0
0.136252	0.0
0.983856	0.0
0.015494	0.0
0.815334	1.0
0.093225	0.0
0.004749	1.0
0.793248	1.0
1.000000	1.0
0.053663	0.0
0.949960	0.0
0.259136	1.0
0.485122	0.0
0.333367	0.0
0.615744	0.0
0.941422	1.0
0.003970	0.0
0.840072	0.0
0.999385	1.0
0.197762	0.0
0.015568	0.0
0.998202	1.0
0.932590	1.0
0.869754	0.0
0.005833	0.0
0.992158	1.0
0.440783	1.0
0.030586	1.0
0.975148	1.0
0.027661	0.0
0.745486	1.0
0.424016	1.0
0.856235	1.0
0.000261	0.0
0.002823	1.0
0.048352	0.0
0.368112	1.0
0.276429	0.0
0.999848	1.0
0.110789	0.0
0.856396	1.0
0.296379	1.0
0.976840	1.0
0.000001	0.0
0.803609	1.0
0.139486	0.0
0.947531	1.0
0.000000	0.0
0.999361	1.0
0.050075	0.0
0.190048	1.0
0.068252	0.0
0.000132	0.0
0.007638	0.0
0.872859	1.0
0.001918	0.0
0.921604	1.0
0.999981	1.0
0.703693	0.0
0.999449	1.0
0.845052	0.0
0.792401	1.0
0.637695	0.0
0.107220	0.0
0.298819	1.0
0.999840	1.0
0.261903	0.0
0.991866	0.0
0.991848	1.0
0.914476	0.0
0.135648	0.0
0.015465	0.0
0.999883	1.0
0.952549	1.0
0.733489	0.0
0.247674	1.0
0.007864	0.0
0.999383	1.0
0.864868	1.0
0.997708	1.0
0.800734	0.0
0.999858	1.0
0.488937	0.0
0.004883	0.0
0.999389	1.0
0.627590	1.0
0.999060	1.0
0.000000	0.0
0.989995	1.0
0.534380	1.0
0.860771	1.0
0.983718	1.0
0.110726	0.0
0.800907	1.0
0.708039	0.0
0.861063	1.0
0.926351	1.0
0.013084	0.0
0.952004	1.0
0.963208	1.0
0.045655	0.0
0.727801	0.0
0.257058	0.0
0.952964	1.0
0.634213	0.0
0.081332	0.0
0.999937	1.0
0.440687	0.0
0.160961	1.0
0.001101	0.0
0.956426	1.0
0.987439	1.0
0.949879	1.0
0.031800	0.0
0.999979	1.0
0.249341	0.0
0.991572	1.0
0.586170	0.0
0.536090	0.0
0.000000	0.0
0.000060	0.0
0.998046	1.0
0.000001	0.0
0.000113	0.0
0.993403	1.0
0.985800	1.0
0.000182	0.0
0.213223	1.0
0.788910	0.0
0.195836	1.0
0.652753	1.0
0.002523	0.0
0.999916	1.0
0.864570	1.0
0.647217	0.0
0.000186	0.0
0.988316	1.0
0.987690	1.0
0.017979	0.0
0.865738	0.0
0.068711	0.0
0.220706	0.0
0.000040	0.0
0.000248	0.0
0.000001	0.0
0.466378	0.0
0.948854	1.0
0.000004	0.0
0.001074	0.0
0.005466	0.0
0.860788	0.0
0.562686	0.0
0.329644	0.0
0.000002	0.0
0.934871	1.0
0.999998	1.0
0.978755	0.0
0.336555	0.0
0.800425	1.0
0.130984	0.0
0.434325	0.0
0.034072	1.0
0.988925	1.0
0.946944	1.0
0.000012	0.0
0.695454	1.0
0.005928	0.0
0.011888	0.0
0.986642	1.0
0.957793	1.0
0.039094	0.0
0.025278	0.0
0.690236	1.0
0.066134	0.0
0.000268	0.0
0.364396	1.0
0.000001	0.0
0.147472	1.0
0.999998	1.0
0.005355	0.0
0.060382	0.0
0.013784	0.0
0.001415	0.0
0.037433	0.0
0.286994	0.0
0.920331	1.0
0.999985	1.0
0.983635	1.0
0.993209	1.0
0.006051	0.0
0.057421	0.0
0.012217	0.0
0.000093	0.0
0.001792	0.0
0.337158	0.0
0.344788	0.0
0.144629	0.0
0.014596	0.0
0.977692	0.0
0.002193	0.0
0.456757	0.0
0.068779	0.0
0.857786	1.0
0.838553	1.0
0.000005	0.0
0.999006	1.0
0.955084	1.0
0.215015	0.0
0.000056	0.0
0.822480	1.0
0.072773	0.0
0.943731	1.0
0.999987	1.0
0.718433	1.0
0.723541	1.0
0.000092	0.0
0.068767	0.0
0.001096	0.0
0.316942	0.0
0.003395	0.0
0.173273	0.0
0.124785	0.0
0.997515	1.0
0.950265	1.0
0.044800	0.0
0.062575	0.0
0.852253	1.0
0.641890	0.0
0.998142	1.0
0.014944	0.0
0.000656	0.0
0.753398	1.0
0.632012	1.0
0.005615	0.0
0.965919	0.0
0.005861	0.0
0.728147	1.0
0.278166	0.0
0.996428	1.0
0.466515	1.0
0.434743	0.0
0.020868	0.0
0.007833	0.0
0.000017	0.0
0.992507	1.0
0.000349	0.0
0.045368	0.0
0.959777	1.0
0.697599	1.0
0.041093	0.0
0.985409	1.0
0.552111	1.0
0.983219	1.0
0.000000	0.0
0.457007	0.0
0.534377	0.0
0.533543	1.0
0.921973	1.0
0.003144	0.0
0.998542	1.0
0.045076	1.0
0.548555	0.0
0.005874	0.0
0.013459	0.0
0.980477	1.0
0.029194	0.0
0.033779	0.0
0.999951	1.0
0.075407	0.0
0.479122	0.0
0.001691	0.0
0.760216	1.0
0.278644	0.0
0.341275	0.0
0.426027	0.0
0.052337	0.0
0.997678	1.0
0.993376	1.0
0.042770	0.0
0.000000	0.0
0.868758	0.0
0.997714	1.0
0.063255	0.0
0.767453	0.0
0.131649	0.0
0.002681	0.0
0.999899	1.0
0.270700	0.0
0.000022	0.0
0.353168	1.0
0.271355	0.0
0.989799	1.0
0.048484	0.0
0.421516	0.0
0.000937	0.0
0.196846	1.0
0.732198	0.0
0.279070	0.0
0.000836	0.0
0.982153	1.0
0.034469	0.0
0.974983	1.0
0.009485	0.0
0.996794	1.0
0.012142	1.0
0.231990	1.0
0.472586	0.0
0.008916	0.0
0.665290	0.0
0.002396	0.0
0.690638	1.0
0.985332	1.0
0.696600	0.0
0.000063	0.0
0.999245	1.0
0.999961	1.0
0.081359	0.0
0.051148	1.0
0.000431	0.0
0.944817	1.0
0.084994	0.0
0.053530	0.0
1.000000	1.0
0.457918	1.0
0.156765	0.0
0.894185	1.0
0.662879	1.0
0.658770	1.0
0.002422	0.0
0.455795	0.0
0.540512	1.0
0.005792	0.0
0.723392	1.0
0.986427	1.0
0.695816	0.0
0.518175	0.0
0.616865	1.0
0.271574	0.0
0.415070	1.0
0.207084	0.0
0.062369	0.0
0.061902	0.0
0.013373	0.0
0.000155	0.0
0.926612	1.0
0.260455	1.0
0.449594	0.0
0.986205	1.0
0.375134	0.0
0.184766	0.0
0.001623	0.0
0.913516	0.0
0.004844	0.0
0.029111	0.0
0.182648	0.0
0.000009	0.0
0.992405	1.0
0.931986	1.0
0.609716	1.0
0.693788	1.0
0.198108	1.0
0.999982	1.0
0.016124	0.0
0.011591	0.0
0.990380	1.0
0.999985	1.0
0.045628	0.0
0.707691	1.0
0.660235	1.0
0.982982	1.0
0.952572	1.0
0.465102	0.0
0.144788	0.0
0.009285	0.0
0.999990	1.0
0.000000	0.0
0.993892	1.0
0.045017	0.0
0.259863	0.0
0.000174	0.0
0.407194	1.0
0.151624	1.0
0.027698	0.0
0.967864	1.0
0.014255	0.0
0.012590	0.0
0.039915	1.0
0.004358	0.0
0.031730	0.0
0.320270	0.0
0.009866	0.0
0.000010	0.0
0.014443	0.0
0.895349	1.0
0.813905	0.0
0.714492	0.0
0.102869	1.0
0.250236	0.0
0.015806	0.0
0.451370	1.0
0.000784	0.0
0.044417	0.0
0.714796	1.0
0.000066	0.0
0.917661	0.0
0.992720	1.0
0.993121	1.0
0.267892	0.0
0.000003	0.0
0.336384	0.0
0.740553	0.0
0.000007	0.0
0.999419	1.0
0.028613	0.0
0.080398	0.0
0.983395	1.0
0.000700	0.0
0.161409	0.0
0.868613	1.0
0.867116	1.0
0.019438	1.0
0.895591	1.0
0.974003	1.0
0.047075	0.0
0.000243	0.0
0.882857	1.0
0.736398	1.0
0.860413	1.0
0.495263	1.0
0.000002	0.0
0.995735	1.0
0.975183	1.0
0.999909	1.0
0.897455	1.0
0.999028	1.0
0.631585	0.0
0.000917	0.0
0.985532	1.0
0.646918	1.0
0.336464	0.0
0.001031	0.0
0.812991	1.0
0.622978	1.0
0.482875	1.0
0.140797	0.0
0.984790	1.0
0.327852	0.0
0.008506	0.0
0.926281	1.0
0.916625	0.0
0.021383	1.0
0.002386	0.0
0.170878	0.0
0.037400	1.0
0.202104	0.0
0.029825	0.0
0.000791	0.0
0.921247	1.0
0.998554	1.0
0.004937	0.0
0.184437	0.0
0.045613	0.0
0.999988	1.0
0.116551	0.0
0.005022	0.0
0.000045	0.0
0.582249	1.0
0.920749	0.0
0.988916	1.0
0.000000	0.0
0.973745	1.0
0.000002	0.0
0.003075	0.0
0.078967	0.0
0.003614	0.0
0.006411	0.0
0.007480	1.0
0.991030	1.0
0.280038	0.0
0.483580	1.0
0.932587	1.0
0.000144	0.0
0.057866	0.0
0.830998	1.0
0.777023	1.0
0.655546	1.0
0.997858	1.0
0.000483	0.0
0.855825	1.0
0.013667	0.0
0.637988	1.0
0.005513	0.0
0.147697	0.0
0.979700	1.0
0.999126	1.0
0.282674	0.0
0.912586	1.0
0.021964	0.0
0.000334	0.0
0.999852	1.0
0.246833	0.0
0.021500	0.0
0.483440	0.0
0.351302	0.0
0.724911	0.0
0.110928	0.0
0.000667	0.0
1.000000	1.0
0.735834	1.0
0.003314	0.0
0.209496	0.0
0.406699	0.0
0.316090	0.0
0.014238	0.0
0.327327	0.0
0.902007	1.0
0.015633	0.0
0.014053	0.0
0.000654	0.0
1.000000	1.0
0.067047	0.0
0.042499	1.0
0.000368	0.0
0.000237	0.0
0.999890	1.0
0.863116	1.0
0.000186	0.0
0.813989	1.0
0.728116	1.0
0.834962	0.0
0.217646	0.0
1.000000	1.0
0.947187	1.0
0.086579	0.0
0.479274	0.0
0.000780	0.0
0.176971	0.0
0.782372	1.0
0.382320	1.0
0.071910	0.0
0.027670	0.0
0.067871	0.0
0.965919	1.0
0.088706	0.0
0.224242	0.0
0.743421	1.0
0.997968	1.0
0.999819	1.0
0.041861	0.0
0.340682	0.0
0.732102	1.0
0.970304	1.0
0.008820	0.0
0.252670	0.0
0.000638	0.0
0.022517	0.0
0.979363	1.0
0.156277	0.0
0.099140	0.0
0.004823	0.0
0.663915	1.0
0.727273	0.0
0.137282	0.0
0.955914	0.0
0.331017	0.0
0.990590	1.0
0.005698	0.0
0.594958	1.0
0.972485	1.0
0.001252	0.0
0.627745	0.0
0.997537	1.0
0.044010	0.0
0.038476	0.0
0.378325	1.0
0.101516	1.0
0.015591	0.0
0.950918	1.0
0.944270	1.0
0.906429	1.0
0.692030	1.0
0.000034	0.0
0.162339	1.0
0.256287	0.0
0.828549	1.0
0.776351	0.0
0.122890	0.0
0.795646	0.0
0.166595	1.0
0.107839	0.0
0.001764	0.0
0.907012	0.0
0.000002	0.0
0.000001	0.0
0.000047	0.0
0.030589	0.0
0.141256	1.0
0.999999	1.0
0.000166	0.0
0.168490	0.0
0.081685	0.0
0.485507	1.0
0.002105	0.0
0.288135	0.0
0.311968	0.0
0.901095	1.0
0.331459	1.0
0.065078	0.0
0.998364	1.0
0.957659	0.0
0.279751	1.0
0.513240	0.0
0.595741	0.0
0.991186	1.0
0.994192	1.0
0.981049	1.0
0.921885	1.0
0.140121	0.0
0.994604	1.0
0.000107	0.0
0.999891	1.0
0.001954	0.0
0.992121	1.0
0.000014	0.0
0.473282	1.0
0.000002	0.0
0.012235	0.0
0.396076	0.0
0.177492	0.0
0.963885	1.0
0.781323	1.0
0.999999	1.0
0.372908	0.0
0.186629	0.0
0.002118	0.0
0.384346	0.0
0.366260	1.0
0.919836	0.0
0.084900	0.0
0.012973	0.0
0.123282	0.0
0.885481	0.0
0.325641	0.0
0.538154	0.0
0.023347	0.0
0.984042	1.0
0.497854	0.0
0.927674	1.0
0.460500	1.0
0.982925	1.0
0.146240	0.0
0.613309	0.0
0.001278	0.0
0.721711	1.0
0.048876	0.0
0.594507	1.0
0.781571	1.0
0.327892	0.0
0.000273	0.0
0.008264	0.0
0.946641	0.0
0.219010	0.0
0.921650	1.0
0.977667	1.0
0.039076	0.0
0.988606	1.0
0.015242	0.0
0.293727	0.0
0.070214	1.0
0.018147	0.0
0.135339	1.0
0.738281	0.0
0.347381	0.0
0.213632	0.0
0.003742	0.0
0.973211	1.0
0.825965	1.0
0.057617	1.0
0.302160	0.0
0.999992	1.0
0.383197	0.0
0.000023	0.0
0.999949	1.0
0.288749	0.0
0.009751	0.0
0.390018	1.0
0.319858	0.0
0.991438	1.0
0.020143	0.0
0.009430	0.0
0.011377	0.0
0.000083	0.0
0.980530	1.0
0.984936	1.0
0.000278	0.0
0.130145	1.0
0.950959	1.0
0.384436	0.0
0.951531	1.0
0.667616	1.0
0.879231	0.0
0.079236	0.0
0.678751	0.0
0.398118	1.0
0.965909	0.0
0.000002	0.0
0.999984	1.0
0.001933	0.0
0.975767	1.0
0.865702	1.0
0.039340	1.0
0.285879	0.0
0.109112	0.0
0.999997	1.0
0.711949	0.0
0.999988	1.0
0.008574	0.0
0.925536	0.0
0.931098	1.0
0.147345	0.0
0.374474	0.0
0.142074	0.0
0.997067	1.0
0.730389	1.0
0.559940	1.0
0.000672	0.0
0.999708	1.0
0.821311	0.0
0.000006	0.0
0.957969	1.0
0.977505	1.0
0.328878	0.0
0.010714	0.0
0.687361	0.0
0.523472	0.0
0.000485	0.0
0.992273	1.0
0.000011	0.0
0.971692	0.0
0.999950	1.0
0.000115	0.0
0.678208	1.0
0.283046	0.0
0.021563	0.0
0.999984	1.0
0.453158	0.0
0.999981	1.0
0.059478	0.0
0.646711	1.0
0.996723	1.0
0.136911	0.0
0.525622	1.0
0.024410	0.0
0.998503	1.0
0.124444	0.0
0.999974	1.0
0.089761	0.0
0.001125	0.0
0.176954	0.0
0.190272	1.0
0.000604	0.0
0.915462	1.0
0.999563	1.0
0.114677	0.0
0.008417	0.0
0.865895	1.0
0.058663	0.0
0.013754	0.0
0.809090	1.0
0.943268	0.0
0.909366	1.0
0.959061	1.0
0.997916	1.0
0.986572	1.0
0.903490	1.0
0.994634	1.0
0.998219	1.0
0.000326	0.0
0.000019	0.0
0.964499	1.0
0.929544	1.0
0.211303	0.0
0.983506	1.0
0.002652	0.0
0.164239	0.0
0.024983	0.0
0.004056	0.0
0.000000	0.0
0.981406	1.0
0.966814	0.0
0.092744	0.0
0.057835	0.0
0.009288	0.0
0.993372	0.0
0.997293	1.0
0.604964	0.0
0.149218	0.0
0.736756	1.0
0.131921	0.0
0.525570	1.0
0.072954	0.0
1.000000	1.0
0.185987	0.0
0.594227	0.0
0.000104	0.0
0.252283	0.0
0.412350	1.0
0.988026	1.0
0.939607	1.0
0.991697	1.0
0.268246	0.0
0.052828	0.0
0.013030	0.0
0.765706	1.0
1.000000	1.0
0.012215	0.0
0.997593	1.0
0.227440	0.0
0.588427	1.0
0.000015	0.0
0.001886	0.0
0.999646	1.0
0.000015	0.0
0.000122	0.0
0.004746	0.0
0.997848	1.0
0.029913	0.0
0.000125	1.0
0.440976	1.0
0.000339	0.0
0.982897	0.0
0.956892	1.0
0.486150	0.0
0.000004	0.0
0.038232	0.0
0.142854	0.0
0.984064	1.0
0.144498	1.0
0.001375	0.0
0.977208	1.0
0.435176	0.0
0.990500	1.0
0.999995	1.0
0.190382	0.0
0.994651	1.0
0.046565	0.0
0.973228	0.0
0.998554	1.0
0.381954	1.0
0.999950	1.0
0.000052	0.0
0.612621	1.0
0.002320	0.0
0.885671	0.0
0.000170	0.0
0.013148	0.0
0.050646	0.0
0.081229	0.0
0.891322	1.0
0.000883	0.0
1.000000	1.0
0.652262	0.0
0.300533	0.0
0.978093	1.0
0.984175	1.0
0.112808	0.0
0.015599	0.0
0.986930	1.0
0.000975	0.0
0.245344	1.0
0.021611	0.0
0.961911	1.0
0.089167	0.0
0.807125	1.0
0.634910	1.0
0.214103	0.0
0.769063	1.0
0.000000	0.0
0.482017	0.0
0.992820	1.0
0.000000	0.0
0.223069	0.0
0.885539	0.0
0.049781	0.0
0.000000	0.0
0.703291	1.0
0.614395	0.0
0.003580	0.0
0.143946	0.0
0.987952	1.0
0.007453	0.0
0.964331	1.0
0.999315	1.0
0.125769	0.0
0.996348	1.0
0.281734	1.0
0.094197	0.0
0.013011	0.0
0.815615	0.0
0.000200	0.0
0.999999	1.0
0.001975	0.0
0.005210	0.0
0.036435	0.0
0.058283	0.0
0.001363	0.0
0.725243	1.0
1.000000	1.0
0.367302	0.0
0.470089	0.0
0.015346	0.0
0.000022	0.0
0.999976	1.0
0.378769	0.0
0.995470	1.0
0.983732	1.0
0.909698	1.0
0.998488	1.0
0.009194	0.0
0.000000	0.0
0.977740	1.0
0.972576	1.0
0.260783	0.0
0.000957	0.0
0.258600	1.0
1.000000	1.0
0.309832	0.0
0.990674	1.0
0.406098	0.0
0.619601	1.0
0.991802	1.0
0.259272	0.0
0.837799	1.0
0.000000	0.0
0.078552	0.0
0.000143	0.0
0.059299	1.0
0.541158	0.0
0.000016	0.0
0.000108	0.0
0.480068	1.0
0.089371	0.0
0.996217	1.0
0.000777	0.0
0.986898	0.0
0.012386	0.0
0.032945	0.0
0.996921	1.0
0.404032	0.0
0.009837	0.0
0.917895	1.0
0.006454	0.0
0.826877	1.0
0.178408	0.0
0.007122	0.0
0.000030	0.0
0.097863	0.0
0.997562	1.0
0.806691	1.0
0.503379	1.0
0.992067	1.0
0.923142	0.0
0.035571	0.0
0.970641	1.0
0.993953	1.0
0.474691	1.0
0.991014	1.0
0.975219	1.0
0.026680	0.0
0.999931	1.0
0.868066	1.0
0.160300	0.0
0.958961	1.0
0.025330	0.0
0.000035	0.0
0.417313	0.0
0.932219	1.0
0.003126	0.0
0.097297	0.0
0.240704	0.0
0.001479	0.0
0.002384	0.0
0.172286	0.0
0.545847	0.0
0.988991	1.0
0.128566	0.0
0.998669	1.0
0.000238	0.0
0.980785	1.0
0.152070	0.0
0.746829	1.0
0.000008	0.0
0.167880	1.0
0.499935	0.0
0.433974	0.0
0.048608	0.0
0.997627	1.0
0.983260	1.0
0.999766	1.0
0.968342	1.0
0.000083	0.0
0.999047	1.0
0.928015	1.0
0.007379	0.0
0.098700	1.0
0.948395	1.0
0.039465	0.0
0.636755	1.0
0.045083	0.0
0.722805	1.0
0.009677	0.0
0.000006	0.0
0.342489	0.0
0.285619	0.0
0.000300	0.0
0.327451	1.0
0.999557	1.0
0.009960	0.0
0.097477	0.0
0.994361	1.0
0.098589	0.0
0.004816	0.0
0.701182	1.0
0.000472	0.0
0.196068	0.0
0.054894	0.0
0.374625	1.0
0.850675	1.0
0.002135	0.0
0.926619	1.0
0.052650	0.0
0.006814	0.0
0.914224	1.0
0.423767	0.0
0.519214	1.0
0.000251	0.0
0.806145	0.0
0.000547	0.0
0.013947	0.0
0.540784	1.0
0.546046	0.0
0.634758	1.0
0.993818	1.0
0.993407	1.0
0.000007	0.0
0.717794	1.0
0.999711	1.0
0.764882	1.0
0.988615	1.0
0.000223	0.0
0.000004	0.0
0.999694	1.0
0.979279	1.0
0.000027	0.0
0.000000	0.0
0.855156	1.0
0.999390	1.0
0.000715	0.0
0.008570	0.0
0.113397	0.0
0.006178	0.0
0.861589	1.0
0.003873	0.0
0.985044	1.0
0.830432	0.0
0.838874	1.0
0.192134	1.0
0.000405	0.0
0.777251	0.0
0.924270	1.0
0.827037	1.0
0.012318	0.0
0.222341	0.0
0.142021	0.0
0.993627	1.0
0.999777	1.0
0.073567	0.0
0.999947	1.0
0.986375	1.0
0.436685	0.0
0.654603	0.0
0.005151	0.0
0.887311	0.0
0.199940	1.0
0.313899	0.0
0.199428	0.0
0.050475	0.0
0.010067	0.0
0.261873	0.0
0.006663	0.0
0.022774	1.0
0.137335	0.0
0.992620	1.0
0.074552	0.0
0.960280	1.0
0.309392	1.0
0.116761	0.0
0.059305	0.0
0.570758	1.0
0.000063	0.0
0.403142	0.0
0.999915	1.0
0.023624	0.0
0.000003	0.0
0.969140	1.0
0.999993	1.0
0.000040	0.0
0.231882	0.0
0.023072	0.0
0.000004	0.0
0.996849	1.0
0.068444	0.0
0.006943	0.0
0.730031	1.0
0.346003	0.0
0.961122	1.0
0.918513	0.0
0.999777	1.0
0.006385	0.0
0.000000	0.0
0.096844	0.0
0.527995	1.0
0.000004	0.0
0.139245	0.0
0.986902	0.0
0.839382	0.0
0.000004	0.0
0.107204	0.0
0.846371	1.0
0.006778	0.0
0.008700	0.0
0.143528	0.0
0.534062	0.0
0.009985	1.0
0.378457	0.0
0.946291	1.0
0.156347	0.0
0.951382	1.0
0.934282	1.0
0.388522	1.0
0.029295	0.0
0.560711	0.0
0.045547	1.0
0.000487	0.0
0.001832	0.0
0.000170	0.0
0.510458	1.0
0.891720	1.0
0.855013	1.0
0.445272	0.0
0.003889	0.0
0.435948	0.0
0.000098	0.0
0.143514	0.0
0.067800	0.0
0.000508	0.0
0.315008	0.0
0.018745	0.0
0.747827	0.0
0.999979	1.0
1.000000	1.0
0.916124	1.0
0.604031	1.0
0.939090	0.0
0.007457	0.0
0.977813	1.0
0.000067	0.0
0.711212	1.0
0.144802	0.0
0.019657	0.0
0.033343	0.0
0.999901	1.0
0.049394	0.0
0.633340	0.0
0.148674	0.0
0.302178	0.0
0.028455	0.0
0.990179	1.0
0.792034	1.0
0.808733	0.0
0.937922	1.0
0.036678	1.0
0.929045	1.0
0.983813	1.0
0.685530	0.0
0.977912	1.0
0.109083	0.0
0.004081	0.0
0.994164	1.0
0.708142	1.0
0.243303	1.0
0.872188	0.0
0.999951	1.0
0.028479	0.0
0.947142	1.0
0.022434	0.0
0.066559	0.0
0.419210	1.0
0.000005	0.0
0.002806	0.0
0.154632	0.0
0.053400	0.0
0.000000	0.0
0.118084	1.0
0.988900	1.0
0.931353	1.0
0.190855	1.0
0.154317	0.0
0.000806	0.0
0.999997	1.0
0.000002	0.0
0.001263	0.0
0.612615	0.0
0.921921	1.0
0.000161	0.0
0.013193	0.0
0.800103	1.0
0.778972	1.0
0.998450	1.0
0.014754	0.0
0.239072	1.0
0.000000	0.0
0.887227	0.0
0.000000	0.0
0.443465	0.0
0.000139	0.0
0.991224	1.0
0.005677	0.0
0.000000	0.0
0.728263	0.0
0.012044	0.0
0.044388	0.0
0.647354	0.0
0.005207	0.0
0.120184	1.0
0.018385	0.0
0.942984	1.0
0.000025	0.0
0.455055	1.0
0.619170	0.0
0.973840	1.0
0.000028	0.0
0.989601	1.0
0.981138	0.0
0.476150	1.0
0.001960	0.0
0.958906	1.0
0.547603	1.0
0.997816	1.0
0.649564	0.0
0.964745	1.0
0.001138	0.0
0.378839	0.0
0.585545	1.0
0.001227	0.0
0.999459	1.0
0.036195	0.0
0.030545	0.0
0.033011	0.0
0.243811	0.0
0.260017	1.0
0.011213	0.0
0.970973	0.0
0.999744	1.0
0.028701	0.0
0.036459	0.0
0.830298	1.0
0.999851	1.0
0.062814	0.0
0.803028	1.0
0.142193	0.0
0.845910	0.0
0.797336	1.0
0.999660	1.0
0.970847	1.0
0.003133	0.0
0.006929	0.0
0.372190	1.0
0.894493	1.0
0.156818	1.0
0.961496	0.0
0.013364	0.0
0.020092	0.0
0.008620	0.0
0.033194	1.0
0.786526	1.0
0.000002	0.0
0.997746	1.0
0.049624	0.0
0.130896	0.0
0.000036	0.0
0.983829	1.0
0.018639	1.0
0.863709	1.0
0.778405	0.0
0.851650	1.0
0.968859	1.0
0.267079	1.0
0.081580	1.0
0.000409	0.0
0.306610	0.0
0.996468	1.0
0.521538	1.0
0.016930	0.0
0.985550	1.0
0.069246	1.0
0.044502	0.0
0.114251	0.0
0.398611	1.0
0.999808	1.0
0.001645	0.0
0.267503	1.0
0.181172	0.0
0.134011	0.0
0.025882	0.0
0.999979	1.0
0.000898	0.0
0.017541	0.0
0.096481	1.0
0.999572	1.0
0.004851	0.0
0.164873	0.0
0.529948	0.0
0.000000	0.0
0.005363	0.0
0.002857	0.0
0.024562	0.0
0.000011	0.0
0.999995	1.0
0.820841	0.0
0.000203	0.0
0.665768	1.0
0.985383	1.0
0.553359	1.0
0.389138	0.0
0.299532	0.0
0.011034	0.0
0.538401	1.0
0.976349	1.0
0.626277	0.0
0.000669	0.0
0.120642	0.0
0.006839	0.0
0.342835	1.0
0.166864	1.0
0.000241	0.0
0.989968	1.0
0.332820	1.0
0.374866	1.0
0.999998	1.0
0.966412	1.0
0.000003	0.0
0.645179	1.0
0.000015	0.0
0.830052	1.0
0.000406	0.0
0.798930	1.0
0.904558	1.0
0.914044	1.0
0.193980	0.0
0.000062	0.0
0.013726	0.0
0.655295	1.0
0.001619	0.0
0.896269	0.0
0.203141	1.0
0.000000	0.0
0.852778	0.0
0.047772	0.0
0.999850	1.0
0.125732	0.0
0.453264	0.0
0.301708	0.0
0.014548	0.0
0.012198	0.0
0.002467	0.0
0.392616	0.0
0.024915	0.0
0.381522	0.0
0.848646	1.0
0.949127	1.0
0.026525	0.0
0.110175	0.0
0.183752	0.0
0.053614	0.0
0.940018	1.0
0.003350	0.0
0.000143	0.0
0.704830	0.0
0.161008	0.0
0.191651	0.0
0.782796	0.0
0.006018	0.0
0.989689	1.0
0.999966	1.0
0.088360	0.0
0.922428	1.0
0.474326	0.0
0.293611	0.0
0.112270	1.0
0.009407	0.0
0.985750	1.0
0.811614	1.0
0.585913	0.0
0.000912	0.0
0.974821	1.0
0.848300	1.0
0.380169	1.0
0.078411	1.0
0.510301	1.0
0.983873	1.0
0.971899	1.0
0.886395	1.0
0.761764	1.0
0.870123	1.0
0.730374	0.0
0.000012	0.0
0.569320	1.0
0.006144	0.0
0.000941	0.0
0.005385	0.0
0.926628	1.0
0.504594	0.0
0.752184	1.0
0.363085	0.0
0.834002	1.0
0.047246	0.0
0.512710	1.0
0.652514	1.0
0.000000	0.0
0.997406	1.0
0.000006	0.0
0.010401	0.0
0.990177	1.0
0.941648	1.0
0.024625	0.0
0.424347	1.0
1.000000	1.0
0.022996	0.0
0.007326	1.0
0.025728	0.0
0.480405	1.0
0.000130	0.0
0.974139	1.0
0.336912	1.0
0.369513	0.0
0.579474	0.0
0.076886	0.0
0.013622	0.0
0.135257	0.0
0.000478	0.0
0.001264	0.0
0.898439	1.0
0.969611	1.0
0.943020	0.0
0.028857	0.0
0.975648	1.0
0.106930	1.0
0.998626	1.0
0.665676	0.0
0.934790	1.0
0.003207	0.0
0.451713	1.0
0.000065	0.0
1.000000	1.0
0.060179	0.0
0.993559	1.0
0.514626	0.0
0.942842	1.0
0.115746	0.0
0.003202	0.0
0.019588	0.0
0.000889	0.0
0.000082	0.0
0.010340	0.0
0.040146	0.0
0.436802	0.0
0.979357	1.0
0.991984	1.0
0.999969	1.0
0.999476	1.0
0.000000	0.0
0.998384	1.0
0.324737	0.0
0.921516	1.0
0.614192	1.0
0.056084	0.0
0.979169	1.0
0.998323	1.0
0.445899	1.0
0.027790	1.0
0.998678	1.0
0.000001	0.0
0.181950	1.0
0.319842	0.0
0.000848	0.0
0.004788	0.0
0.997793	1.0
0.000740	0.0
0.574806	1.0
0.997845	1.0
0.000000	0.0
0.000172	0.0
0.999995	1.0
0.497076	1.0
0.650976	0.0
0.751454	1.0
0.053852	0.0
0.001381	0.0
0.001034	0.0
0.967910	1.0
0.999318	1.0
0.994284	1.0
0.569915	1.0
0.977348	1.0
0.999604	1.0
0.998854	1.0
0.801607	1.0
0.136207	0.0
0.176268	0.0
0.975957	1.0
0.038051	0.0
0.833749	1.0
0.001714	0.0
0.358632	0.0
0.086649	0.0
0.965108	1.0
0.643053	1.0
0.000027	0.0
0.015628	0.0
0.871852	0.0
0.402399	0.0
0.999213	1.0
0.994364	1.0
0.182337	0.0
0.493406	1.0
0.000141	0.0
0.420940	0.0
0.825823	1.0
0.001606	0.0
0.266820	0.0
0.285309	0.0
0.000062	0.0
0.010120	0.0
0.806576	1.0
0.002357	0.0
0.755509	1.0
0.924929	1.0
0.000020	0.0
0.999996	1.0
0.846734	1.0
0.935250	1.0
1.000000	1.0
0.000008	0.0
0.025913	0.0
0.947307	1.0
0.999049	1.0
0.988790	1.0
0.999993	1.0
0.001256	0.0
0.628138	0.0
0.970210	1.0
0.998726	1.0
0.000005	0.0
0.999943	1.0
0.948650	1.0
0.999482	1.0
0.999233	1.0
0.999433	1.0
0.999988	1.0
0.931773	1.0
0.989535	1.0
0.015044	1.0
0.000110	0.0
0.893798	1.0
0.473890	0.0
0.012208	0.0
0.996471	1.0
0.850729	1.0
0.951410	1.0
0.011065	0.0
0.850702	1.0
0.999990	1.0
0.999993	1.0
0.167180	0.0
0.020554	0.0
0.066227	0.0
0.001717	0.0
0.974430	1.0
0.529363	0.0
0.846031	0.0
0.775207	1.0
0.308015	1.0
0.590180	0.0
0.013265	0.0
0.524784	1.0
0.338594	0.0
0.022304	0.0
0.997732	1.0
0.968483	1.0
0.987258	1.0
0.999985	1.0
0.878587	1.0
0.998000	1.0
0.966254	1.0
0.016361	0.0
0.999998	1.0
0.487654	0.0
0.796108	1.0
0.179076	1.0
0.968338	1.0
0.944647	1.0
0.004250	0.0
0.001604	0.0
0.000073	0.0
0.989609	1.0
0.000048	0.0
0.003687	0.0
0.389628	0.0
0.003911	0.0
0.001565	0.0
0.003153	0.0
0.005198	0.0
0.029958	0.0
0.999986	1.0
0.531469	1.0
0.770085	0.0
0.011166	0.0
0.003109	0.0
0.457892	1.0
0.995250	1.0
0.000000	0.0
0.512027	1.0
0.000000	0.0
0.999006	1.0
0.190669	0.0
0.849039	1.0
0.005713	0.0
0.602918	0.0
0.793369	1.0
0.015356	0.0
0.965205	1.0
0.999592	1.0
0.455967	1.0
0.015285	0.0
0.000213	0.0
0.000202	0.0
0.906570	1.0
0.039987	0.0
0.490237	0.0
0.741008	1.0
0.982165	1.0
0.438999	1.0
0.274677	1.0
0.999998	1.0
0.973992	1.0
0.812012	0.0
0.027041	0.0
0.015645	0.0
0.003828	1.0
0.992669	1.0
0.976091	1.0
0.896337	1.0
0.162927	0.0
0.000285	0.0
0.898447	0.0
1.000000	1.0
0.921552	1.0
0.974348	1.0
0.001075	0.0
0.000526	0.0
0.987460	1.0
0.994752	1.0
0.016532	0.0
0.000078	0.0
0.000024	0.0
0.425390	1.0
0.998951	1.0
0.459465	0.0
0.964432	1.0
0.087868	0.0
0.155079	0.0
0.989386	1.0
0.802453	0.0
0.001124	0.0
0.324380	0.0
0.964959	1.0
0.000005	0.0
0.040145	0.0
0.895608	1.0
0.293049	0.0
0.704116	0.0
0.000187	0.0
0.020766	0.0
0.803764	1.0
0.827821	1.0
0.577319	1.0
0.000748	0.0
0.000005	0.0
0.996659	1.0
0.075583	0.0
0.056904	0.0
0.000492	0.0
0.259288	1.0
0.006232	0.0
0.778042	0.0
0.156278	0.0
0.173833	0.0
0.028934	0.0
0.967798	1.0
0.815912	0.0
0.981362	1.0
0.636691	1.0
0.006645	0.0
0.000110	0.0
0.792096	1.0
0.000002	0.0
0.843073	0.0
0.951121	1.0
0.968562	1.0
0.999852	1.0
0.178285	1.0
0.656391	1.0
0.975516	1.0
0.000001	0.0
0.002013	0.0
0.902306	1.0
0.987766	1.0
0.127759	0.0
0.000019	0.0
0.821696	1.0
0.009207	0.0
0.826214	1.0
0.000066	0.0
0.938161	1.0
0.279722	0.0
0.928673	1.0
0.003571	0.0
0.556875	0.0
0.995584	1.0
0.712682	1.0
0.097058	0.0
0.039018	0.0
0.008499	0.0
0.001177	0.0
0.481129	1.0
0.990339	1.0
0.660273	1.0
0.003098	0.0
0.000014	0.0
0.154576	0.0
0.003253	0.0
0.983022	1.0
0.877104	1.0
0.078021	1.0
0.009513	0.0
0.076524	0.0
0.000388	0.0
0.486319	1.0
0.151678	0.0
0.111104	0.0
0.816176	0.0
0.172867	0.0
0.990136	1.0
0.557796	0.0
0.000000	0.0
0.999999	1.0
0.516286	0.0
0.009379	0.0
0.674012	1.0
0.041708	0.0
0.232437	0.0
0.012545	0.0
0.678191	0.0
0.782618	0.0
0.000066	0.0
0.879519	1.0
0.999166	1.0
0.019155	0.0
0.935234	1.0
0.104410	0.0
0.055193	0.0
0.976019	1.0
0.601613	1.0
0.898275	1.0
0.957989	1.0
0.497448	0.0
0.047201	0.0
0.942588	1.0
0.993547	1.0
0.982689	1.0
0.048283	0.0
0.216357	1.0
0.966646	1.0
0.976650	1.0
0.884081	0.0
0.003807	0.0
0.383399	1.0
0.292882	0.0
0.999954	1.0
0.923996	1.0
0.000004	0.0
0.928235	1.0
0.550200	1.0
0.239453	0.0
0.000000	0.0
0.999970	1.0
0.000842	0.0
0.000413	0.0
0.991741	1.0
0.960523	1.0
0.250810	1.0
0.000189	0.0
0.664476	1.0
0.363669	0.0
0.573574	0.0
0.106081	0.0
0.172069	0.0
0.999265	1.0
0.911819	1.0
0.967469	0.0
0.999742	1.0
0.967701	1.0
0.254099	0.0
0.246892	0.0
0.998580	1.0
0.757911	1.0
0.001053	0.0
0.000108	0.0
0.606849	1.0
0.001267	0.0
0.000090	0.0
0.000001	0.0
1.000000	1.0
0.997192	1.0
0.037463	0.0
0.783147	1.0
0.996638	1.0
0.443017	1.0
0.985964	1.0
0.999995	1.0
0.075912	0.0
0.000344	0.0
0.002576	0.0
0.014940	0.0
0.040029	0.0
0.991655	1.0
0.106293	0.0
0.999145	1.0
0.999984	1.0
0.197210	1.0
0.442366	1.0
0.224542	0.0
0.492729	0.0
0.000087	0.0
0.688330	1.0
0.509373	1.0
0.716786	1.0
0.600112	0.0
0.261808	0.0
0.432449	1.0
0.000032	0.0
0.404291	0.0
0.000291	0.0
0.997629	1.0
0.009330	0.0
0.393275	1.0
0.708296	1.0
0.108083	0.0
0.935276	1.0
0.996897	1.0
0.009223	0.0
0.025075	0.0
0.043674	0.0
0.225088	1.0
0.377381	0.0
0.830391	1.0
0.837537	0.0
0.899416	0.0
0.000041	0.0
0.021685	0.0
0.171896	0.0
0.142535	0.0
0.008911	0.0
0.477224	1.0
0.450075	1.0
0.119884	1.0
0.933429	1.0
0.494892	1.0
0.958881	1.0
0.178568	0.0
0.038127	0.0
0.233088	0.0
0.992118	1.0
0.000002	0.0
0.840515	1.0
0.000006	0.0
0.999997	1.0
0.996350	1.0
0.511010	1.0
0.328188	1.0
0.403487	0.0
0.963951	1.0
0.387228	0.0
0.984609	1.0
0.750263	1.0
0.917097	1.0
0.388117	1.0
0.623751	0.0
0.000000	0.0
0.000014	0.0
0.057691	0.0
0.999182	1.0
0.999898	1.0
0.738432	1.0
0.028964	0.0
0.743344	1.0
0.365264	0.0
0.328570	0.0
0.878035	0.0
0.013271	0.0
0.720024	1.0
0.424319	0.0
0.984470	1.0
0.921923	1.0
0.898428	1.0
0.034399	0.0
0.652411	1.0
0.411941	1.0
0.986085	1.0
0.000000	0.0
0.248856	0.0
0.001252	0.0
0.715539	1.0
0.947434	1.0
0.868768	0.0
0.269534	0.0
0.979245	1.0
0.999986	1.0
0.591343	1.0
0.006822	0.0
0.999481	1.0
0.190360	1.0
1.000000	1.0
0.946580	1.0
0.985787	1.0
0.851470	1.0
0.850593	1.0
0.271161	0.0
0.998883	1.0
0.562179	0.0
0.996340	1.0
0.003550	0.0
0.086232	0.0
0.165802	0.0
0.000007	0.0
0.281648	1.0
0.989939	1.0
0.985899	1.0
0.998011	1.0
0.994056	0.0
0.308888	1.0
0.965913	1.0
0.999978	1.0
0.991817	1.0
0.001610	0.0
0.893633	1.0
0.002183	0.0
0.960708	1.0
0.000211	0.0
0.999992	1.0
0.703447	0.0
0.985510	1.0
0.006441	0.0
0.162970	0.0
0.046288	0.0
0.011672	0.0
0.759925	1.0
0.999923	1.0
0.990994	1.0
0.009096	0.0
0.048910	0.0
0.985881	1.0
0.174827	0.0
0.972900	1.0
0.998556	1.0
0.072851	1.0
0.016765	0.0
0.920264	1.0
0.003704	0.0
0.472905	1.0
0.993445	0.0
0.958828	1.0
0.164388	1.0
0.992914	1.0
0.001071	0.0
1.000000	1.0
0.857805	1.0
0.002418	0.0
0.050754	0.0
0.382023	1.0
0.914211	1.0
0.999295	1.0
0.003859	0.0
0.112586	0.0
0.510689	0.0
0.000000	0.0
0.050368	1.0
0.009262	0.0
0.003123	0.0
0.653441	1.0
0.608849	1.0
0.015614	0.0
0.989737	1.0
0.998232	1.0
0.002756	0.0
0.577977	1.0
0.631916	1.0
0.955378	1.0
0.045926	0.0
0.989327	1.0
0.016856	0.0
0.058125	0.0
0.987609	1.0
0.000049	0.0
0.999616	1.0
0.155026	0.0
0.000009	0.0
0.000000	0.0
0.459574	1.0
0.879360	1.0
0.998503	1.0
0.310553	1.0
0.595730	0.0
0.028227	0.0
0.528580	0.0
0.999813	1.0
0.026237	0.0
0.010051	0.0
0.158280	0.0
0.014549	0.0
0.004423	0.0
0.000603	0.0
0.001648	0.0
0.691498	1.0
0.047482	0.0
0.000002	0.0
0.992824	1.0
0.164757	0.0
0.514847	1.0
0.998398	1.0
0.299389	0.0
0.107426	1.0
0.191599	0.0
0.235681	0.0
0.001970	0.0
0.000044	0.0
0.004097	0.0
0.421860	1.0
0.378432	0.0
0.404996	0.0
0.922431	1.0
0.000045	0.0
0.028827	0.0
0.313539	0.0
0.275638	0.0
0.000015	0.0
0.000021	0.0
0.833107	0.0
0.225981	0.0
0.281255	0.0
0.448983	0.0
0.001829	0.0
0.599177	1.0
0.138680	0.0
0.000053	0.0
0.010752	0.0
0.003247	1.0
0.850805	1.0
0.127558	0.0
0.259803	1.0
0.998530	1.0
0.977389	1.0
0.387279	1.0
0.095377	1.0
0.000130	0.0
0.994458	1.0
0.506529	1.0
0.391540	0.0
0.458799	1.0
0.000170	0.0
0.998873	1.0
1.000000	1.0
0.017894	0.0
0.149135	0.0
0.036363	0.0
0.000013	0.0
0.767170	1.0
0.854710	1.0
0.999993	1.0
0.766535	1.0
0.961162	1.0
0.038216	0.0
0.983640	1.0
0.560388	0.0
0.000001	0.0
0.936376	1.0
0.000442	0.0
0.969583	1.0
0.000025	0.0
0.269601	0.0
0.999558	1.0
0.488405	1.0
0.851476	1.0
0.692710	0.0
0.814519	0.0
0.001037	0.0
0.023482	0.0
0.034122	0.0
0.761071	1.0
0.013799	0.0
0.000142	0.0
0.000057	0.0
0.999026	1.0
0.588074	0.0
0.986656	1.0
0.999997	1.0
0.950098	0.0
0.188178	0.0
0.011087	0.0
0.763671	1.0
0.994729	0.0
0.001916	0.0
0.027168	0.0
0.849024	1.0
0.706522	0.0
0.113165	1.0
0.219758	1.0
0.041328	0.0
0.052759	1.0
0.990090	1.0
0.031599	0.0
0.238792	0.0
0.984398	0.0
0.000007	0.0
0.000021	0.0
0.998407	1.0
0.386493	0.0
0.994511	1.0
0.931209	1.0
0.005094	0.0
0.044476	0.0
0.997161	1.0
0.000659	0.0
0.999225	1.0
0.000190	0.0
0.096912	0.0
0.992510	1.0
0.910124	1.0
0.508182	0.0
0.247022	0.0
0.669252	1.0
0.593991	1.0
0.813374	1.0
0.605723	1.0
0.019450	0.0
0.123273	0.0
0.951312	1.0
0.999999	1.0
0.913242	1.0
0.986183	1.0
0.940661	1.0
0.159570	0.0
0.058250	0.0
0.989648	1.0
0.927161	1.0
0.887078	1.0
0.955768	1.0
0.952666	1.0
0.983972	1.0
0.444781	1.0
0.000396	0.0
0.960439	1.0
0.000009	0.0
0.000000	0.0
0.812096	0.0
0.000136	0.0
0.059216	0.0
0.361302	0.0
0.565617	1.0
0.979177	1.0
0.012677	0.0
0.029797	1.0
0.000271	0.0
0.348370	1.0
0.705432	1.0
0.483292	0.0
0.475651	0.0
0.992009	0.0
0.006315	0.0
0.094470	0.0
0.917959	0.0
0.959577	1.0
0.007218	0.0
0.417141	0.0
0.028165	0.0
0.488902	0.0
0.405225	1.0
0.761444	1.0
0.249735	0.0
0.001329	0.0
0.999856	1.0
0.228472	0.0
0.000188	0.0
0.786968	0.0
0.002717	0.0
0.823647	0.0
0.996864	1.0
0.128632	0.0
0.266688	0.0
0.041314	0.0
0.976150	0.0
0.999964	1.0
0.977724	1.0
0.971066	1.0
0.463636	0.0
0.040323	0.0
0.000130	0.0
0.004948	0.0
0.004863	0.0
0.103669	0.0
0.230688	0.0
0.065701	0.0
1.000000	1.0
0.091374	0.0
0.001902	0.0
0.959762	1.0
0.254476	0.0
0.678066	1.0
0.901128	1.0
0.885211	1.0
0.000008	0.0
0.909644	0.0
0.150510	0.0
0.999494	1.0
0.836265	0.0
0.242405	0.0
0.000377	0.0
0.996926	1.0
0.986033	1.0
0.016156	0.0
0.230465	0.0
0.008770	0.0
0.252620	0.0
0.269052	1.0
0.000253	0.0
0.231924	0.0
0.622376	1.0
0.420449	0.0
0.994876	1.0
0.747628	0.0
0.012507	0.0
0.999909	1.0
0.990681	1.0
0.755328	1.0
0.923139	1.0
0.998059	1.0
0.853026	1.0
0.283491	0.0
0.237303	0.0
0.011266	0.0
0.072603	0.0
0.998944	1.0
0.877108	0.0
0.000101	0.0
0.970972	0.0
0.760024	1.0
0.051540	0.0
0.000466	0.0
0.981861	1.0
0.008168	0.0
0.478177	0.0
0.039943	0.0
0.790735	1.0
0.999995	1.0
0.646829	1.0
0.225714	1.0
0.505071	0.0
0.996397	1.0
0.618392	1.0
0.923187	1.0
0.010634	0.0
0.687732	1.0
0.943946	0.0
0.327129	0.0
0.000004	0.0
0.622729	1.0
0.000054	0.0
0.482108	0.0
0.009066	0.0
0.982553	1.0
0.662374	1.0
0.468704	0.0
0.669708	0.0
0.036595	0.0
0.020200	0.0
0.104436	0.0
0.049306	0.0
0.979597	1.0
0.339931	1.0
0.146601	1.0
0.893888	0.0
0.185925	0.0
0.977730	1.0
0.425870	1.0
0.994300	1.0
0.141767	0.0
0.030449	0.0
0.999960	1.0
0.932987	1.0
0.559622	1.0
0.517167	1.0
0.718746	0.0
0.482466	0.0
0.998982	1.0
0.971890	1.0
0.039306	0.0
0.999933	1.0
0.018329	0.0
0.000294	0.0
0.001208	0.0
0.002406	0.0
1.000000	1.0
0.120875	0.0
0.527824	0.0
0.918258	1.0
0.721119	1.0
0.001972	0.0
0.080171	0.0
0.985414	1.0
0.939099	0.0
0.355143	1.0
0.050651	0.0
0.243978	0.0
0.789539	0.0
0.014311	0.0
0.904197	0.0
0.999894	1.0
0.002537	0.0
0.072421	0.0
0.870640	0.0
0.000316	0.0
0.005384	0.0
0.863623	0.0
0.008694	0.0
0.699438	0.0
0.722163	1.0
0.000475	0.0
0.387599	1.0
0.999997	1.0
0.007542	0.0
0.860313	1.0
0.000014	0.0
0.950896	1.0
0.994151	1.0
0.005492	0.0
0.175775	0.0
0.997637	1.0
0.998092	1.0
0.000001	0.0
0.999142	1.0
0.668389	1.0
0.934522	0.0
0.001549	0.0
0.311231	0.0
0.523220	1.0
0.999987	1.0
0.017892	0.0
0.460804	1.0
0.943451	1.0
0.000203	0.0
0.579690	0.0
0.024646	0.0
0.999904	1.0
0.001443	0.0
0.289589	0.0
0.926822	1.0
0.001377	0.0
0.963576	1.0
0.000024	0.0
0.874182	1.0
0.001084	0.0
0.984060	1.0
0.982134	1.0
0.082322	0.0
0.996073	1.0
0.001282	0.0
0.998134	1.0
0.981634	1.0
0.979716	1.0
0.402962	0.0
0.999737	1.0
0.006481	0.0
0.074787	0.0
0.780209	1.0
0.017193	0.0
0.801864	1.0
0.957293	1.0
0.000519	0.0
0.598895	1.0
0.017957	0.0
0.001758	0.0
0.248216	0.0
0.997633	1.0
0.000036	0.0
0.304070	1.0
0.999970	1.0
0.759099	0.0
0.982562	1.0
0.580644	1.0
0.005679	0.0
0.984556	1.0
0.000022	0.0
0.792196	0.0
0.004308	0.0
0.759913	1.0
0.260586	0.0
0.778043	1.0
0.332738	0.0
0.058304	0.0
0.000015	0.0
0.007066	1.0
0.069576	0.0
0.822679	0.0
0.671299	0.0
0.003696	0.0
0.979197	1.0
0.006365	0.0
0.613236	1.0
0.000578	0.0
0.447599	0.0
0.343720	1.0
0.767881	1.0
0.142006	1.0
0.000136	0.0
0.973620	1.0
0.958121	1.0
0.991612	1.0
0.982094	1.0
0.068710	0.0
0.977974	1.0
0.000011	0.0
0.982192	1.0
0.928411	1.0
0.240762	0.0
0.999947	1.0
0.491706	0.0
0.636335	1.0
0.441423	1.0
0.034282	0.0
0.000005	0.0
0.071431	0.0
0.001842	0.0
0.017335	0.0
0.315143	1.0
0.009955	0.0
0.495383	0.0
0.999914	1.0
0.993425	1.0
0.004576	0.0
0.011464	0.0
0.000147	0.0
0.249172	0.0
0.732223	1.0
0.003497	0.0
0.999083	1.0
0.003940	0.0
0.557936	0.0
0.007208	0.0
0.797787	1.0
0.110320	0.0
0.998725	1.0
0.011906	0.0
0.416091	1.0
0.002039	0.0
0.999072	1.0
0.576592	0.0
0.999998	1.0
0.003046	0.0
0.976355	1.0
0.234045	0.0
0.632663	0.0
0.955103	1.0
0.979789	1.0
0.002172	0.0
0.001724	0.0
0.407433	0.0
0.010207	0.0
0.001120	0.0
0.232227	0.0
0.001717	0.0
0.998671	0.0
0.892455	1.0
0.999797	1.0
0.001462	0.0
0.117375	0.0
0.774707	0.0
0.471528	0.0
0.997177	1.0
0.157834	0.0
0.000543	0.0
0.066551	0.0
0.991529	1.0
0.597667	1.0
0.131207	0.0
0.999974	1.0
0.000001	0.0
0.003524	0.0
0.013800	0.0
0.000010	0.0
0.020540	0.0
0.999999	1.0
0.997909	1.0
0.923184	1.0
0.002006	0.0
0.958850	1.0
0.169735	0.0
0.040983	1.0
0.008407	0.0
0.007547	0.0
0.487913	1.0
0.293774	0.0
0.200508	1.0
0.285724	0.0
0.000611	0.0
0.000372	0.0
0.941512	1.0
0.893314	1.0
0.064405	1.0
0.000031	0.0
0.377130	0.0
0.000052	0.0
0.690375	1.0
0.984234	1.0
0.524227	1.0
0.997946	1.0
0.998509	1.0
0.994393	0.0
0.067675	0.0
0.632564	1.0
0.909133	1.0
0.986966	1.0
0.017201	0.0
0.076409	0.0
0.000651	0.0
0.778638	1.0
0.962924	0.0
0.116227	0.0
0.990165	1.0
0.001392	0.0
0.685589	1.0
0.906030	1.0
0.000428	0.0
0.916783	0.0
0.000000	0.0
0.029519	0.0
0.888025	0.0
0.473812	0.0
0.000029	0.0
0.003155	0.0
0.999452	0.0
0.000131	0.0
0.047499	0.0
0.999810	1.0
0.117277	0.0
0.271095	0.0
0.786435	1.0
0.066192	0.0
0.959013	0.0
0.105685	1.0
0.170425	0.0
0.034729	0.0
0.996499	1.0
0.059312	0.0
0.000333	0.0
0.006116	0.0
0.372301	1.0
0.995566	1.0
0.713817	0.0
0.001883	0.0
0.033549	0.0
0.000007	0.0
0.945992	1.0
0.951590	1.0
0.006782	0.0
0.474419	1.0
0.045106	0.0
0.043711	0.0
0.000334	0.0
0.006409	1.0
0.999846	1.0
0.003238	0.0
0.997857	1.0
0.640760	1.0
0.993109	1.0
0.710651	0.0
0.750174	1.0
0.820195	0.0
0.008625	0.0
0.078504	0.0
0.000864	1.0
0.291979	0.0
0.873361	1.0
0.298833	0.0
0.732276	0.0
0.074806	0.0
0.000613	0.0
0.015268	0.0
0.092076	0.0
0.002031	0.0
0.973915	1.0
0.127888	0.0
0.749047	0.0
0.000153	0.0
0.641836	0.0
0.815258	0.0
1.000000	1.0
0.999566	1.0
0.983520	1.0
0.096735	0.0
0.279763	0.0
0.000379	0.0
0.999990	1.0
0.534130	0.0
0.977673	1.0
0.073155	0.0
0.091008	0.0
0.018115	0.0
0.820036	1.0
0.025491	0.0
0.450577	0.0
0.957697	1.0
0.009662	0.0
0.468499	0.0
0.000957	0.0
0.000220	0.0
0.001692	0.0
0.663167	0.0
0.993256	1.0
0.363499	0.0
0.948282	1.0
0.001072	0.0
0.668580	1.0
0.618377	1.0
0.413083	0.0
0.000214	0.0
0.000144	0.0
0.000002	0.0
0.081411	0.0
0.892488	1.0
0.001691	0.0
0.145829	0.0
0.894322	0.0
0.000412	0.0
0.103119	0.0
0.233266	0.0
0.860689	1.0
0.942524	1.0
0.197972	0.0
0.002136	0.0
0.000374	0.0
0.271331	0.0
0.519370	1.0
0.014981	0.0
0.005358	0.0
0.012129	0.0
0.065252	0.0
0.004523	0.0
1.000000	1.0
0.989490	1.0
0.935070	1.0
0.057080	0.0
0.000837	0.0
0.888843	1.0
0.407135	1.0
0.992445	1.0
0.978787	1.0
0.452459	0.0
0.929519	1.0
0.167610	1.0
0.619653	0.0
0.717864	1.0
0.046823	0.0
0.033823	0.0
0.964826	1.0
0.997962	1.0
0.049919	0.0
0.001223	0.0
0.007505	0.0
0.978910	1.0
0.000001	0.0
0.853815	1.0
0.000002	0.0
0.000584	0.0
0.293970	1.0
0.000024	0.0
0.901436	0.0
0.073296	0.0
0.386739	0.0
0.120297	0.0
0.477975	0.0
0.006676	0.0
0.321352	0.0
0.939973	1.0
0.999375	1.0
0.999473	1.0
0.000001	0.0
0.971323	1.0
0.777307	1.0
0.001616	0.0
0.616107	1.0
0.000003	0.0
0.236753	0.0
0.999980	1.0
0.127060	0.0
0.192912	0.0
0.993878	1.0
0.995547	1.0
0.951604	0.0
0.000150	0.0
0.020039	0.0
0.999905	0.0
0.106937	0.0
0.528035	1.0
0.011311	0.0
0.000000	0.0
0.000004	0.0
0.191427	1.0
0.991638	1.0
0.151737	0.0
0.001581	0.0
0.127979	0.0
0.999999	1.0
0.906978	1.0
0.977913	1.0
0.996202	1.0
0.004400	0.0
0.788845	1.0
0.004372	1.0
0.940146	1.0
0.999842	0.0
0.611871	0.0
0.831278	0.0
0.509443	1.0
0.702812	1.0
0.923501	1.0
0.292272	1.0
0.012104	0.0
1.000000	1.0
0.005007	0.0
0.002518	0.0
0.045091	0.0
0.765203	0.0
0.335023	1.0
0.515200	1.0
0.042257	0.0
0.281395	0.0
0.755850	1.0
0.110128	0.0
0.000002	0.0
0.043524	0.0
0.923302	1.0
0.747612	1.0
0.000000	0.0
0.999053	1.0
0.657821	0.0
0.861156	0.0
0.963904	1.0
0.027042	0.0
0.000020	0.0
0.089893	0.0
0.912187	1.0
0.816825	1.0
0.795032	1.0
0.491760	0.0
0.721537	1.0
0.022762	0.0
0.002914	0.0
0.377091	0.0
0.946126	1.0
0.501952	1.0
0.781363	1.0
0.091741	0.0
0.108324	1.0
0.222590	0.0
0.043293	0.0
0.034868	0.0
0.129481	0.0
0.181063	0.0
0.537839	1.0
0.096777	0.0
0.998946	1.0
0.999988	1.0
0.004366	0.0
0.000001	0.0
0.106533	0.0
0.007096	0.0
0.001650	0.0
0.023994	1.0
0.053420	0.0
0.999808	1.0
0.115506	0.0
0.042292	0.0
0.408688	1.0
0.000142	0.0
0.000015	0.0
0.842412	0.0
0.992528	0.0
0.000121	0.0
0.000291	0.0
0.972638	1.0
0.143620	1.0
0.996056	1.0
0.121982	0.0
0.084186	0.0
0.868285	0.0
0.048216	0.0
0.636212	0.0
0.999612	1.0
0.000218	0.0
0.000000	0.0
0.999871	1.0
0.995616	1.0
0.024844	0.0
0.765800	0.0
0.001489	0.0
0.683908	1.0
0.967487	1.0
0.005508	0.0
0.999997	1.0
0.898167	1.0
0.993685	1.0
0.351446	0.0
0.999849	1.0
0.819869	0.0
0.006595	0.0
0.089752	0.0
0.693654	0.0
0.843746	1.0
0.014805	0.0
0.286157	0.0
0.000274	0.0
0.004551	0.0
0.130881	0.0
0.000004	0.0
0.996955	1.0
0.276335	0.0
0.059092	0.0
0.000278	0.0
0.406787	0.0
0.982576	1.0
0.659519	1.0
0.982768	1.0
0.996260	1.0
0.038875	0.0
0.046263	1.0
0.136389	1.0
0.903524	1.0
0.002704	0.0
0.000033	0.0
0.961404	1.0
0.120638	1.0
0.938775	1.0
0.987408	1.0
0.417194	0.0
0.061592	0.0
0.000849	0.0
0.011666	0.0
0.145828	0.0
0.988447	1.0
0.999098	1.0
0.410390	1.0
0.014465	0.0
0.000025	0.0
0.957881	1.0
0.112985	0.0
0.586960	1.0
0.438642	0.0
0.000102	0.0
0.723614	1.0
0.999980	1.0
0.013935	0.0
0.746161	1.0
0.710843	0.0
0.901043	0.0
0.978080	1.0
1.000000	1.0
0.162880	0.0
0.986940	1.0
0.599041	0.0
0.830407	0.0
0.773221	1.0
0.443816	0.0
0.999580	1.0
0.000438	0.0
0.221526	0.0
0.059013	0.0
0.630744	1.0
0.989836	1.0
0.301719	1.0
0.995582	1.0
0.726182	1.0
0.580383	1.0
0.000533	0.0
0.366551	1.0
0.059567	0.0
0.018122	0.0
0.000004	0.0
0.741395	0.0
0.726445	1.0
0.960159	1.0
0.999998	1.0
0.093007	0.0
0.987722	1.0
0.411992	0.0
0.004173	0.0
0.999851	1.0
0.076128	1.0
0.002723	0.0
0.000106	0.0
0.068933	0.0
0.999063	1.0
0.993907	1.0
0.965835	0.0
0.968107	1.0
0.776906	1.0
0.492957	1.0
0.921482	1.0
0.981970	1.0
0.000519	0.0
0.000020	0.0
0.051037	0.0
0.638200	0.0
0.021736	0.0
0.069743	1.0
0.997681	1.0
0.911597	1.0
0.210779	1.0
0.989454	1.0
0.032923	0.0
0.052400	0.0
0.000013	0.0
0.819521	0.0
0.062403	0.0
0.996241	1.0
0.292470	1.0
0.602968	1.0
0.134663	0.0
0.011135	0.0
0.118565	0.0
0.983693	1.0
0.062038	0.0
0.000495	0.0
0.005879	0.0
0.000030	0.0
0.999465	1.0
0.629612	0.0
0.949449	1.0
0.999879	1.0
0.113810	0.0
0.003861	0.0
0.011400	0.0
0.035164	0.0
0.003140	0.0
0.397813	0.0
0.195032	0.0
0.999999	1.0
0.090727	0.0
0.983246	1.0
0.997740	1.0
0.996388	1.0
1.000000	1.0
0.950835	1.0
0.423299	0.0
0.057605	0.0
0.996263	1.0
0.740351	0.0
0.000001	0.0
0.006871	0.0
0.334687	1.0
0.861540	1.0
0.005669	0.0
0.225035	0.0
0.224341	0.0
0.933041	0.0
0.024762	0.0
0.000349	0.0
0.052411	0.0
0.006604	0.0
0.897287	1.0
0.172072	1.0
0.003744	0.0
0.999878	1.0
0.728513	0.0
0.976143	1.0
0.328716	0.0
0.756518	0.0
0.001282	0.0
0.749862	1.0
0.000110	0.0
0.211967	0.0
0.008009	0.0
0.955956	1.0
0.083453	0.0
0.050648	1.0
0.001597	0.0
0.834355	1.0
0.999154	1.0
0.999224	1.0
0.262685	0.0
0.008781	0.0
0.999875	1.0
0.149763	1.0
0.931898	0.0
0.002580	0.0
0.555545	1.0
0.936470	1.0
0.005435	0.0
0.021179	0.0
0.039732	0.0
0.771242	0.0
0.994507	1.0
0.999971	1.0
0.973693	1.0
0.997879	1.0
0.812568	1.0
0.090121	0.0
0.666096	1.0
0.380129	0.0
0.062373	0.0
0.003127	0.0
0.998969	1.0
0.000000	0.0
0.035236	0.0
0.047474	0.0
0.022781	0.0
0.000019	0.0
0.999762	1.0
0.518961	0.0
0.523520	1.0
0.465474	0.0
0.029546	0.0
0.672311	1.0
0.586835	1.0
0.979331	1.0
0.478652	0.0
0.117093	0.0
0.999965	1.0
0.000141	0.0
0.002520	0.0
0.000445	0.0
0.817059	0.0
0.697401	1.0
0.992011	0.0
0.815073	1.0
0.000174	0.0
0.454532	1.0
0.181960	0.0
0.899702	1.0
0.999740	1.0
0.763741	0.0
0.999509	1.0
0.071734	0.0
0.044131	0.0
0.983935	1.0
0.998908	1.0
0.908988	1.0
0.738374	1.0
0.040787	0.0
0.000312	0.0
0.033482	0.0
0.001059	0.0
0.127732	0.0
0.845391	1.0
0.984428	0.0
0.995858	1.0
0.054893	0.0
0.051655	0.0
0.894017	1.0
0.290316	1.0
0.003361	0.0
0.608703	1.0
0.034188	0.0
0.427448	1.0
0.997512	1.0
0.338082	1.0
0.481319	0.0
0.000395	0.0
0.817480	0.0
0.340373	0.0
0.234205	0.0
0.028071	0.0
0.543187	1.0
0.000476	0.0
0.861818	0.0
0.922340	1.0
0.281847	0.0
0.980135	1.0
0.080849	0.0
0.006479	0.0
0.000002	0.0
0.023591	0.0
0.923892	1.0
0.000891	0.0
0.653774	0.0
0.398644	0.0
0.759309	1.0
0.611397	1.0
0.469166	0.0
0.003230	0.0
0.222966	0.0
0.978302	1.0
0.698550	1.0
0.993238	1.0
0.854240	0.0
0.989765	1.0
0.352512	1.0
0.124036	0.0
0.473419	1.0
0.296536	0.0
0.979273	1.0
0.006531	0.0
0.778261	0.0
0.000137	0.0
0.984870	1.0
0.000002	0.0
0.939126	1.0
0.801066	1.0
0.019669	0.0
0.328561	1.0
0.030882	1.0
0.119600	0.0
0.036238	0.0
0.992628	0.0
0.041741	0.0
0.999879	1.0
0.999938	1.0
0.750568	1.0
0.168007	0.0
0.045607	0.0
0.999972	1.0
0.839056	1.0
0.887056	1.0
0.991088	1.0
0.999744	1.0
0.098498	0.0
0.968069	1.0
0.023425	0.0
0.997720	1.0
0.604800	1.0
0.912408	1.0
0.821917	0.0
0.013924	0.0
0.349277	0.0
0.693938	1.0
0.835070	1.0
0.973922	1.0
0.306279	0.0
0.253101	0.0
0.251504	0.0
0.982024	1.0
0.960658	1.0
0.532871	0.0
0.000371	0.0
0.088526	0.0
0.993954	1.0
0.001175	0.0
0.456680	0.0
0.767452	0.0
0.999735	1.0
0.008318	1.0
0.988836	1.0
0.407704	0.0
0.950588	1.0
0.965879	1.0
0.608041	1.0
0.010475	0.0
0.116661	1.0
0.962563	1.0
0.400107	0.0
0.027224	0.0
0.985114	1.0
0.007816	0.0
0.339458	1.0
0.951075	0.0
0.328179	0.0
0.027664	0.0
0.944817	1.0
0.971363	1.0
0.001390	0.0
0.860579	1.0
0.021942	0.0
0.000679	0.0
0.345060	0.0
0.968595	1.0
0.002844	0.0
0.998681	1.0
0.241568	0.0
0.889838	1.0
0.098041	1.0
0.062274	0.0
0.027843	1.0
0.984726	1.0
0.000012	0.0
0.583475	0.0
0.978942	1.0
0.070756	0.0
0.907353	1.0
0.938900	1.0
0.034318	0.0
0.138478	1.0
0.992933	1.0
0.953884	0.0
0.000538	0.0
0.979268	1.0
0.000580	0.0
0.003035	0.0
0.007041	0.0
0.947698	1.0
0.004557	0.0
0.002220	0.0
0.089573	0.0
0.003618	0.0
0.999998	1.0
0.958884	1.0
0.000018	0.0
0.013636	0.0
0.045195	0.0
0.025103	0.0
0.070447	0.0
0.351263	1.0
0.999690	1.0
0.003670	0.0
0.069267	0.0
0.107881	0.0
0.807060	0.0
0.000046	0.0
0.983003	1.0
0.917849	1.0
0.836122	1.0
0.416228	0.0
0.000200	0.0
0.603477	0.0
0.905763	1.0
0.604674	0.0
0.322567	0.0
0.963154	1.0
0.001385	0.0
0.000108	0.0
0.396036	1.0
0.074006	0.0
0.056264	0.0
0.189979	0.0
0.999996	1.0
0.999471	1.0
0.433916	0.0
0.000000	0.0
0.999880	1.0
0.000001	0.0
0.009251	0.0
0.996863	1.0
0.004487	0.0
0.950550	1.0
0.983330	1.0
0.921487	1.0
0.651169	0.0
0.999982	1.0
0.397663	0.0
0.001339	0.0
0.090388	0.0
0.009298	0.0
0.079453	0.0
0.995717	1.0
0.999875	1.0
0.141357	0.0
0.091603	0.0
0.004188	0.0
0.001684	0.0
0.998908	1.0
0.093872	0.0
0.006506	0.0
0.680218	1.0
0.260126	0.0
0.937099	1.0
0.371892	1.0
0.997760	1.0
0.185079	0.0
0.000167	0.0
0.093797	0.0
0.960074	1.0
0.999336	1.0
0.004391	0.0
0.000004	0.0
0.024201	1.0
0.995462	1.0
0.000306	0.0
0.218001	0.0
0.999310	1.0
0.991406	1.0
0.539946	1.0
0.617273	0.0
0.000022	0.0
0.001886	0.0
0.789939	1.0
0.486986	0.0
0.140813	0.0
0.999349	1.0
0.004400	0.0
0.055730	0.0
0.616157	1.0
0.431718	0.0
0.346195	0.0
0.570846	1.0
0.646246	1.0
0.999918	1.0
0.017958	0.0
0.085068	1.0
0.974343	1.0
0.031467	1.0
0.999817	1.0
0.981720	1.0
0.054016	0.0
1.000000	1.0
0.292830	0.0
0.431522	0.0
0.113458	0.0
0.999653	1.0
0.126537	0.0
0.011442	0.0
0.997491	1.0
0.971330	1.0
0.228096	0.0
0.314263	0.0
0.132991	1.0
0.556307	1.0
0.097322	0.0
0.714100	1.0
0.487974	0.0
0.997787	1.0
0.024196	0.0
0.881094	1.0
0.986217	1.0
0.000013	0.0
0.971438	1.0
0.004581	0.0
0.077426	0.0
0.237626	0.0
0.197414	0.0
0.792513	1.0
0.041236	0.0
0.931338	1.0
0.881976	0.0
0.725205	1.0
0.242307	1.0
0.007687	1.0
0.000152	0.0
0.018349	0.0
0.779764	0.0
0.128147	1.0
0.295400	1.0
0.710637	0.0
0.780174	0.0
0.953157	1.0
0.418081	0.0
0.626941	1.0
0.018055	0.0
0.222430	0.0
0.384203	0.0
0.000002	0.0
0.999991	1.0
0.124063	1.0
0.999518	1.0
0.980948	1.0
0.060058	0.0
0.991997	1.0
0.000507	0.0
0.994957	1.0
0.922219	1.0
0.746616	0.0
0.000040	0.0
0.816908	1.0
0.009583	0.0
0.362563	0.0
0.231719	1.0
0.002333	0.0
0.999892	1.0
0.236557	0.0
0.999844	1.0
0.963528	1.0
0.004265	0.0
0.000004	0.0
0.905568	1.0
1.000000	1.0
0.068822	0.0
0.538193	0.0
0.054748	0.0
0.999824	1.0
0.168341	0.0
0.990184	0.0
0.999996	1.0
0.311328	1.0
0.005901	0.0
0.976937	1.0
0.927096	1.0
0.967901	1.0
0.007234	0.0
0.228308	0.0
0.016702	0.0
0.005718	0.0
0.960776	1.0
0.000071	0.0
0.131585	0.0
0.825135	1.0
0.014033	0.0
0.000021	0.0
0.323682	1.0
0.950437	1.0
0.019311	0.0
0.955328	0.0
0.968342	1.0
0.999889	1.0
0.507911	1.0
0.936303	0.0
0.454034	0.0
0.003102	0.0
0.396145	1.0
0.000028	0.0
0.017497	0.0
0.000029	0.0
0.193719	0.0
0.978219	0.0
0.997405	1.0
0.002294	0.0
0.954929	1.0
0.000597	0.0
0.998328	1.0
0.177654	0.0
0.184309	0.0
0.400105	1.0
0.103468	0.0
0.919839	1.0
0.984557	1.0
0.344801	1.0
0.775154	0.0
0.084695	0.0
0.000047	0.0
0.075917	0.0
0.000000	0.0
0.085991	0.0
0.000019	0.0
0.080678	0.0
0.915728	1.0
0.856278	1.0
0.225533	1.0
0.894002	1.0
0.010028	0.0
0.392253	0.0
0.999931	0.0
0.018041	0.0
0.048619	0.0
0.098633	0.0
0.703667	1.0
0.896719	1.0
0.000000	0.0
0.543445	0.0
0.490841	1.0
0.801702	1.0
0.985332	1.0
0.157748	0.0
0.000263	0.0
0.998306	1.0
0.999590	1.0
0.994190	1.0
0.141653	0.0
0.246569	0.0
0.000002	0.0
0.207893	1.0
0.967408	1.0
0.999967	1.0
0.977521	1.0
0.992215	1.0
0.868282	1.0
0.006880	0.0
0.765661	0.0
0.002723	0.0
0.000022	0.0
0.005162	0.0
0.012719	0.0
0.069082	0.0
0.111459	0.0
0.956487	0.0
0.999721	1.0
0.858802	1.0
0.989754	0.0
0.370659	0.0
0.009978	0.0
0.508954	1.0
0.999952	1.0
0.286698	0.0
0.000051	0.0
0.141428	0.0
0.002386	0.0
0.999848	1.0
0.023436	0.0
0.000738	0.0
0.224973	1.0
0.408550	0.0
0.030537	1.0
0.881376	1.0
0.101966	0.0
0.312568	0.0
0.000325	0.0
0.150533	1.0
0.006049	0.0
0.693731	1.0
0.953035	1.0
0.034307	0.0
0.957942	1.0
0.899255	1.0
0.988599	1.0
0.040809	0.0
0.051580	0.0
0.230974	0.0
0.384473	0.0
0.199574	0.0
0.295913	1.0
0.998464	1.0
0.999969	1.0
0.007045	0.0
0.998050	1.0
0.060205	0.0
0.989461	1.0
0.961059	1.0
0.999872	1.0
0.000004	0.0
0.015699	1.0
0.007533	0.0
0.270986	0.0
0.384808	1.0
0.002520	0.0
0.000002	0.0
0.545079	1.0
0.018513	0.0
0.004854	0.0
0.000000	0.0
0.995025	1.0
0.972097	1.0
0.002238	0.0
0.004194	0.0
0.161830	1.0
0.959977	1.0
0.000001	0.0
0.009871	0.0
0.000600	0.0
0.968266	1.0
1.000000	1.0
0.990810	1.0
0.938405	0.0
0.003221	0.0
0.000122	0.0
0.998959	1.0
0.755683	1.0
0.722714	1.0
0.002947	0.0
0.046637	0.0
0.495658	1.0
0.561484	1.0
0.021619	0.0
0.458364	1.0
0.706462	0.0
0.025496	1.0
0.968584	1.0
0.143919	0.0
0.998600	1.0
0.077540	0.0
0.241704	1.0
0.004392	0.0
0.910628	1.0
0.777310	1.0
0.000001	0.0
0.973053	1.0
0.991051	1.0
0.999913	1.0
0.926576	1.0
0.814062	1.0
0.000486	0.0
0.475867	0.0
0.383223	0.0
0.694458	1.0
0.000003	0.0
0.924015	1.0
0.223125	1.0
0.934604	1.0
0.001952	0.0
0.129610	0.0
0.497027	0.0
0.007924	0.0
0.792462	1.0
0.679789	0.0
0.809021	1.0
0.006428	0.0
0.387336	0.0
0.992790	0.0
0.000670	0.0
0.968727	1.0
0.895082	0.0
0.002113	0.0
0.025785	0.0
0.999899	1.0
0.002363	0.0
0.009329	0.0
0.997322	1.0
0.983098	1.0
0.000165	0.0
0.913827	0.0
0.086282	0.0
0.003074	0.0
0.975067	1.0
0.001657	0.0
0.924175	1.0
0.655572	1.0
0.007559	0.0
0.898000	0.0
0.433852	0.0
0.825613	1.0
0.041227	0.0
0.953678	1.0
0.999862	1.0
0.207440	0.0
0.847801	1.0
0.375849	0.0
0.949361	1.0
0.001800	0.0
0.949771	1.0
0.899239	1.0
0.046090	0.0
0.845634	1.0
0.613155	0.0
0.778731	0.0
0.082643	0.0
1.000000	1.0
0.621846	0.0
0.002022	0.0
0.836540	0.0
0.167456	1.0
0.188914	0.0
0.387269	0.0
0.891850	1.0
0.369916	0.0
0.000003	0.0
0.529031	0.0
0.854129	1.0
0.288060	0.0
0.000488	0.0
0.021936	0.0
0.911079	0.0
0.999999	1.0
0.998753	1.0
0.162928	0.0
0.767759	1.0
0.437819	1.0
0.132736	0.0
0.931699	0.0
0.955800	1.0
0.059376	0.0
0.459438	1.0
0.000001	0.0
0.996814	1.0
0.002428	0.0
0.985858	0.0
0.035962	0.0
0.000354	0.0
0.000811	0.0
0.748911	1.0
0.154289	0.0
0.999102	1.0
0.989370	1.0
0.998166	1.0
0.243220	1.0
0.993957	1.0
0.000008	0.0
0.054206	0.0
0.912610	1.0
0.871303	0.0
0.048673	0.0
0.867830	0.0
0.084284	0.0
0.084435	0.0
0.843252	1.0
0.055366	0.0
0.712481	1.0
0.773782	1.0
0.935300	0.0
0.000381	0.0
0.959425	1.0
0.958397	1.0
0.993921	1.0
0.189292	0.0
0.150552	0.0
0.002853	0.0
0.132983	0.0
0.397802	0.0
0.934248	1.0
0.397325	0.0
0.780888	1.0
0.819989	1.0
0.000013	0.0
0.500353	0.0
0.582545	0.0
0.375778	1.0
0.001679	0.0
0.987007	1.0
0.000166	0.0
0.002379	0.0
0.104841	1.0
0.977476	1.0
0.003292	0.0
0.989058	0.0
0.008240	0.0
0.023217	0.0
0.975710	1.0
0.209153	0.0
0.026334	0.0
0.000200	0.0
0.014222	0.0
0.000346	0.0
1.000000	1.0
0.996783	1.0
0.015537	1.0
0.948037	1.0
0.000158	0.0
0.558945	1.0
0.999531	1.0
0.000003	0.0
0.144240	0.0
0.011429	0.0
0.010161	0.0
0.015523	0.0
0.392512	0.0
0.000007	0.0
0.011108	0.0
0.000016	0.0
0.957987	0.0
0.109215	0.0
0.991901	1.0
0.011816	0.0
0.170993	0.0
0.168457	0.0
0.282478	0.0
0.000884	0.0
0.161869	1.0
0.107782	1.0
0.008920	0.0
0.062758	0.0
0.639374	1.0
0.557952	1.0
0.996051	1.0
0.587813	1.0
0.971452	1.0
0.012717	0.0
0.999991	1.0
0.126073	1.0
0.211279	0.0
0.000002	0.0
0.685916	1.0
0.585213	0.0
0.005054	0.0
0.094751	0.0
0.137448	0.0
0.800847	1.0
0.909795	1.0
0.496849	1.0
0.041716	0.0
0.692596	1.0
0.999636	1.0
0.999995	1.0
0.949621	1.0
0.935047	1.0
0.537368	1.0
0.999869	1.0
0.943533	1.0
0.064052	0.0
0.000023	0.0
0.973564	1.0
0.624737	0.0
0.999999	1.0
0.955460	0.0
0.926291	0.0
0.000710	0.0
0.972063	1.0
0.849703	1.0
0.066820	0.0
0.006415	0.0
0.140863	1.0
0.219823	0.0
0.866083	1.0
0.719363	0.0
0.887776	1.0
0.977138	1.0
0.000045	0.0
0.033927	0.0
0.022862	0.0
0.006962	0.0
0.986383	1.0
0.999999	1.0
0.937873	1.0
0.759537	1.0
0.113159	1.0
0.004485	0.0
0.964173	1.0
0.987525	1.0
0.947875	1.0
0.895298	1.0
0.000013	0.0
0.068957	0.0
0.017636	0.0
0.999993	1.0
0.024884	0.0
0.636201	0.0
0.003719	0.0
0.000000	0.0
0.992280	1.0
0.845912	0.0
0.000550	0.0
0.617070	0.0
0.034391	0.0
0.000181	0.0
0.997425	1.0
0.998657	1.0
0.199339	0.0
0.000406	0.0
0.997322	0.0
0.000000	0.0
0.359509	0.0
0.797317	1.0
0.878784	0.0
0.025584	0.0
0.389158	1.0
0.000007	0.0
0.883145	1.0
0.996116	1.0
0.974210	1.0
0.999308	1.0
0.456290	0.0
0.009127	0.0
0.925957	1.0
0.000019	0.0
0.997900	1.0
0.003562	0.0
0.023664	1.0
0.148797	0.0
0.982739	1.0
0.929803	1.0
0.145506	0.0
0.018763	0.0
0.991902	1.0
0.377329	0.0
0.897899	1.0
0.961181	1.0
0.997446	1.0
0.003065	0.0
0.025390	0.0
0.960455	1.0
0.000876	0.0
0.000464	0.0
0.443822	0.0
0.005577	0.0
0.264343	1.0
0.872246	0.0
1.000000	1.0
0.000130	0.0
0.995103	1.0
0.037685	1.0
0.035205	0.0
0.610231	1.0
0.999966	1.0
0.977178	1.0
0.000029	0.0
0.147124	0.0
0.967546	1.0
0.282067	0.0
0.659777	0.0
0.101730	0.0
0.965254	1.0
0.184211	0.0
0.965669	1.0
0.502124	1.0
0.905114	1.0
0.000295	0.0
0.000075	1.0
0.900370	1.0
0.954681	1.0
0.001703	0.0
0.053699	0.0
0.157419	1.0
0.006155	0.0
0.669700	1.0
0.975067	1.0
0.994497	1.0
0.044965	1.0
0.541703	0.0
0.251851	0.0
0.130877	0.0
0.276973	1.0
0.255906	0.0
0.000068	0.0
0.965847	0.0
0.048349	0.0
0.320091	0.0
0.776081	1.0
0.000233	0.0
0.886522	0.0
0.866051	1.0
0.226222	0.0
0.052104	0.0
0.000041	0.0
0.010362	0.0
0.002484	0.0
0.982269	0.0
0.113445	0.0
0.194233	1.0
0.987815	1.0
0.121034	1.0
0.020677	0.0
0.000003	0.0
0.146460	0.0
0.565247	1.0
0.154656	0.0
1.000000	1.0
0.705396	1.0
0.064963	0.0
0.863508	1.0
0.804996	0.0
0.000717	0.0
0.997825	1.0
0.001823	0.0
0.018935	0.0
0.119637	0.0
0.000029	0.0
0.041189	0.0
0.162189	0.0
0.763205	1.0
0.887853	1.0
0.999771	1.0
0.246839	1.0
0.869021	1.0
0.935669	0.0
0.004791	0.0
0.963744	1.0
0.420242	1.0
0.000007	0.0
0.855390	1.0
0.824139	0.0
0.702055	1.0
0.535625	0.0
0.803830	1.0
0.857280	1.0
0.000000	0.0
0.971303	1.0
0.280653	0.0
0.106578	1.0
0.002817	0.0
0.000522	0.0
0.000001	0.0
0.000000	0.0
0.989450	1.0
0.985838	1.0
0.091785	0.0
0.999821	1.0
0.999917	1.0
0.039716	0.0
0.177988	0.0
0.013470	0.0
0.889189	1.0
0.000005	0.0
0.735313	1.0
0.000110	0.0
0.008810	0.0
1.000000	1.0
0.690924	0.0
0.000079	0.0
0.327027	1.0
0.867069	1.0
0.029749	1.0
0.995325	1.0
0.366151	0.0
0.092993	0.0
0.366851	0.0
0.359579	0.0
0.999995	1.0
0.005386	0.0
0.999928	1.0
0.725264	0.0
0.000000	0.0
0.000072	0.0
0.141733	0.0
0.020522	1.0
0.003495	0.0
0.572766	0.0
0.660857	1.0
0.813243	1.0
0.001687	0.0
0.064984	0.0
0.015702	0.0
0.219055	0.0
0.972026	1.0
0.990228	1.0
0.608244	1.0
0.892489	0.0
0.999674	1.0
0.997618	1.0
0.000010	0.0
0.968474	1.0
0.274859	0.0
0.980891	1.0
0.999994	1.0
0.696340	1.0
0.485049	1.0
0.762560	0.0
0.970891	1.0
0.057502	0.0
0.001615	0.0
0.100472	0.0
0.076513	0.0
0.104068	0.0
0.814604	1.0
0.998626	1.0
0.950643	1.0
0.998406	1.0
0.546383	1.0
0.080226	1.0
0.000004	0.0
0.863141	0.0
0.001728	0.0
0.179546	1.0
0.695895	1.0
0.368340	1.0
0.963759	1.0
0.975076	1.0
0.902925	1.0
0.281841	1.0
0.000899	0.0
0.002553	0.0
0.405130	0.0
0.987589	1.0
0.577162	0.0
1.000000	1.0
0.350570	0.0
0.274973	0.0
0.912756	1.0
0.053846	0.0
0.970958	1.0
0.191456	0.0
0.970192	1.0
0.074075	0.0
0.189861	1.0
0.029975	0.0
0.232984	0.0
0.009775	0.0
0.016494	0.0
0.002365	0.0
0.968642	1.0
0.102575	0.0
0.910174	1.0
0.988581	0.0
0.114873	0.0
0.000000	0.0
0.000987	0.0
0.946504	0.0
0.519371	0.0
0.466014	0.0
0.095005	0.0
0.586239	1.0
0.995401	1.0
0.003657	0.0
0.000604	0.0
0.000043	0.0
0.983640	0.0
0.009048	0.0
0.995570	1.0
0.484179	0.0
0.177578	0.0
0.062625	0.0
0.999230	1.0
0.918344	0.0
0.993676	1.0
0.000298	0.0
0.999973	1.0
1.000000	1.0
0.024168	0.0
0.997583	0.0
0.573750	1.0
0.941516	1.0
0.963794	1.0
0.009467	0.0
0.979829	1.0
0.994827	1.0
0.979194	1.0
0.075914	0.0
0.044183	0.0
0.980902	1.0
0.240457	0.0
0.979596	1.0
0.472562	1.0
0.817925	1.0
0.931354	1.0
0.675323	0.0
0.996676	1.0
0.000000	0.0
0.000001	0.0
0.127192	1.0
0.473009	1.0
0.045679	0.0
0.967482	0.0
0.900052	1.0
0.632791	0.0
0.066498	0.0
0.203537	0.0
0.284021	0.0
0.999050	1.0
0.748039	0.0
0.001669	0.0
0.824553	1.0
0.000071	0.0
0.000559	0.0
0.000001	0.0
0.002956	0.0
0.030054	0.0
0.713672	0.0
0.809312	0.0
0.749672	1.0
0.997066	1.0
0.951172	0.0
0.804822	1.0
0.260335	0.0
0.865871	1.0
0.999103	1.0
0.005350	1.0
0.000000	0.0
0.239534	0.0
0.124937	0.0
0.226382	0.0
0.082825	0.0
0.451533	1.0
0.086733	0.0
0.949845	1.0
0.001397	0.0
0.015681	0.0
0.888159	1.0
0.893060	1.0
0.995099	1.0
0.999906	1.0
0.000002	0.0
0.000313	0.0
0.340036	0.0
0.188624	0.0
0.001781	0.0
0.943921	0.0
0.053571	0.0
0.007469	1.0
0.293475	1.0
