Prob	Label
0.050859	0.0
0.034415	0.0
0.390354	1.0
0.000984	0.0
0.004638	0.0
0.880033	0.0
0.127145	0.0
0.116717	1.0
0.009256	0.0
0.505175	0.0
0.989432	1.0
0.573121	0.0
0.024078	1.0
0.003405	0.0
0.680092	1.0
0.459751	0.0
0.903040	0.0
0.128109	1.0
0.122972	0.0
0.130431	0.0
0.030121	1.0
0.999494	1.0
0.630186	0.0
0.128009	1.0
0.137376	0.0
0.015412	0.0
0.813017	0.0
0.991607	1.0
0.711911	1.0
0.006408	0.0
0.065175	1.0
0.782748	1.0
0.182317	1.0
0.404592	0.0
0.909182	0.0
0.002225	0.0
0.998254	1.0
0.616571	1.0
0.998809	1.0
0.998948	1.0
0.790936	1.0
0.996152	1.0
0.215729	0.0
0.999796	1.0
0.011507	0.0
0.020043	0.0
0.746964	0.0
0.224099	0.0
0.994626	1.0
0.956188	1.0
0.613312	1.0
0.974807	1.0
0.001657	0.0
0.975096	0.0
0.993233	1.0
0.999358	1.0
0.017208	0.0
0.279475	0.0
0.061957	0.0
0.022522	0.0
0.178108	0.0
0.949324	0.0
0.960962	1.0
0.069995	1.0
0.993815	1.0
0.007778	0.0
0.784560	0.0
0.130965	0.0
0.004900	0.0
0.014056	0.0
0.023901	0.0
0.001839	0.0
0.043703	0.0
0.109498	1.0
0.987275	0.0
0.228458	1.0
0.995176	1.0
0.852575	0.0
0.963787	0.0
0.838258	1.0
0.557915	1.0
0.993593	1.0
0.891098	1.0
0.004552	0.0
0.052052	1.0
0.841990	0.0
0.001626	0.0
0.999337	1.0
0.914969	0.0
0.112278	1.0
0.989335	1.0
0.131509	0.0
0.023249	0.0
0.054696	0.0
0.082376	0.0
0.048525	0.0
0.000182	0.0
0.001232	0.0
0.502801	1.0
0.020773	0.0
0.997360	1.0
0.004934	0.0
0.075324	1.0
0.068717	0.0
0.359324	1.0
0.002726	0.0
0.995156	1.0
0.004577	0.0
0.950809	1.0
0.744329	1.0
0.114589	0.0
0.945201	1.0
0.026628	1.0
0.984759	1.0
0.034343	1.0
0.000913	0.0
0.478853	1.0
0.992545	1.0
0.784919	1.0
0.983078	1.0
0.988797	1.0
0.969801	1.0
0.823516	1.0
0.976396	1.0
0.015311	0.0
0.014496	0.0
0.014903	0.0
0.846318	1.0
0.044401	0.0
0.427488	1.0
0.977657	1.0
0.032492	0.0
0.001753	0.0
0.115760	0.0
0.903550	1.0
0.991328	1.0
0.031263	0.0
0.317358	1.0
0.024160	0.0
0.566357	0.0
0.850244	1.0
0.875755	1.0
0.027720	0.0
0.998436	1.0
0.999879	1.0
0.148667	0.0
0.003921	0.0
0.395234	1.0
0.222986	1.0
0.052543	0.0
0.782257	1.0
0.489108	0.0
0.366617	0.0
0.996452	1.0
0.007379	0.0
0.016060	1.0
0.398776	0.0
0.004005	0.0
0.999585	1.0
0.647942	1.0
0.092217	0.0
0.996701	1.0
0.026438	0.0
0.007415	0.0
0.013847	0.0
0.979984	0.0
0.932392	1.0
0.444667	1.0
0.017032	0.0
0.999550	1.0
0.016174	1.0
0.002061	0.0
0.093792	0.0
0.021030	1.0
0.973554	1.0
0.996308	1.0
0.985070	1.0
0.053420	1.0
0.586104	1.0
0.022734	0.0
0.994847	1.0
0.526580	0.0
0.060463	1.0
0.948313	1.0
0.840103	0.0
0.188172	0.0
0.579078	0.0
0.005254	0.0
0.016110	0.0
0.028225	0.0
0.004727	0.0
0.910135	1.0
0.692572	1.0
0.925881	0.0
0.994244	0.0
0.008125	0.0
0.062434	0.0
0.006667	0.0
0.010815	1.0
0.029488	0.0
0.008833	0.0
0.998152	1.0
0.083448	0.0
0.779843	0.0
0.001574	0.0
0.061509	0.0
0.055838	1.0
0.058165	0.0
0.999071	1.0
0.191953	0.0
0.435485	0.0
0.999648	1.0
0.039467	0.0
0.021013	1.0
0.043409	0.0
0.981840	1.0
0.258226	0.0
0.038924	0.0
0.990469	1.0
0.003826	1.0
0.004726	0.0
0.056060	0.0
0.041202	0.0
0.997590	1.0
0.011138	1.0
0.045820	1.0
0.995570	1.0
0.028259	0.0
0.992232	1.0
0.940687	0.0
0.010482	0.0
0.025415	0.0
0.885340	1.0
0.810766	0.0
0.537468	0.0
0.024781	0.0
0.980873	0.0
0.030685	1.0
0.837976	0.0
0.967596	1.0
0.034953	0.0
0.000953	0.0
0.999221	1.0
0.030181	1.0
0.001236	1.0
0.981000	0.0
0.973225	1.0
0.100118	0.0
0.999837	1.0
0.998680	1.0
0.002752	0.0
0.992394	0.0
0.000158	0.0
0.996655	1.0
0.779925	0.0
0.222320	1.0
0.051904	1.0
0.774312	1.0
0.005040	0.0
0.017672	1.0
0.000836	0.0
0.072690	0.0
0.022635	0.0
0.000862	0.0
0.994600	1.0
0.925251	1.0
0.996933	1.0
0.305694	0.0
0.049999	0.0
0.026161	0.0
0.030810	0.0
0.001203	1.0
0.870072	1.0
0.082304	1.0
0.009057	0.0
0.963478	0.0
0.003764	1.0
0.951656	1.0
0.082390	1.0
0.998239	1.0
0.003204	1.0
0.069270	0.0
0.008179	0.0
0.999758	1.0
0.995887	1.0
0.103796	0.0
0.026711	1.0
0.007138	0.0
0.338155	0.0
0.033585	0.0
0.985456	1.0
0.628838	0.0
0.092071	1.0
0.009963	0.0
0.160199	0.0
0.003717	1.0
0.284674	0.0
0.988717	1.0
0.008297	0.0
0.000467	0.0
0.980584	1.0
0.008943	1.0
0.915219	1.0
0.023813	1.0
0.031242	1.0
0.987665	1.0
0.044470	0.0
0.019141	0.0
0.046524	0.0
0.805265	1.0
0.962893	1.0
0.982779	1.0
0.983062	0.0
0.980260	0.0
0.052331	0.0
0.994524	1.0
0.016023	0.0
0.038348	1.0
0.994532	0.0
0.996511	1.0
0.981478	0.0
0.758200	0.0
0.999730	1.0
0.017422	0.0
0.007575	0.0
0.981536	1.0
0.108541	0.0
0.014535	0.0
0.996523	1.0
0.212499	0.0
0.984575	1.0
0.991855	1.0
0.000564	0.0
0.189806	0.0
0.999030	1.0
0.676467	1.0
0.071870	0.0
0.046311	1.0
0.980637	1.0
0.589208	1.0
0.985302	1.0
0.038990	0.0
0.112699	0.0
0.122805	1.0
0.930306	0.0
0.905204	1.0
0.025515	0.0
0.368561	0.0
0.063378	0.0
0.997848	1.0
0.999574	1.0
0.967246	0.0
0.006639	0.0
0.959814	1.0
0.992859	1.0
0.998626	1.0
0.968269	1.0
0.766576	1.0
0.024960	1.0
0.001669	0.0
0.943319	0.0
0.010402	0.0
0.002005	0.0
0.005778	0.0
0.952033	0.0
0.925170	0.0
0.122908	0.0
0.463842	1.0
0.850957	1.0
0.052013	0.0
0.099093	0.0
0.590659	1.0
0.516483	1.0
0.007077	0.0
0.001457	0.0
0.987554	1.0
0.639512	0.0
0.021529	0.0
0.051118	0.0
0.028309	0.0
0.609329	1.0
0.135814	0.0
0.998069	1.0
0.892720	1.0
0.984558	0.0
0.163073	1.0
0.140771	0.0
0.520129	1.0
0.926742	1.0
0.034365	1.0
0.013582	0.0
0.989222	1.0
0.999901	1.0
0.046757	0.0
0.001539	0.0
0.966197	1.0
0.020779	0.0
0.005046	0.0
0.995059	1.0
0.038219	0.0
0.996276	0.0
0.999808	1.0
0.005634	0.0
0.972532	1.0
0.022816	1.0
0.793712	1.0
0.038635	0.0
0.427784	0.0
0.038474	0.0
0.507259	1.0
0.018383	1.0
0.998892	1.0
0.010326	0.0
0.067506	1.0
0.031225	0.0
0.094296	0.0
0.003327	0.0
0.998530	1.0
0.016212	0.0
0.025368	0.0
0.010589	0.0
0.005548	1.0
0.985508	1.0
0.087454	0.0
0.921679	1.0
0.152015	0.0
0.502126	1.0
0.013829	0.0
0.998271	1.0
0.195458	0.0
0.006522	0.0
0.529029	0.0
0.975253	1.0
0.981788	1.0
0.001380	0.0
0.973581	0.0
0.957816	1.0
0.996466	0.0
0.009630	0.0
0.007443	0.0
0.024649	0.0
0.039862	0.0
0.051869	0.0
0.086560	0.0
0.985321	1.0
0.999874	1.0
0.464781	0.0
0.952740	1.0
0.021117	0.0
0.219709	1.0
0.002587	0.0
0.451321	1.0
0.542961	1.0
0.700901	1.0
0.133180	1.0
0.001768	0.0
0.116606	0.0
0.057767	0.0
0.001761	0.0
0.198590	1.0
0.041889	0.0
0.057647	1.0
0.008930	0.0
0.462921	1.0
0.139021	0.0
0.943797	1.0
0.002306	0.0
0.124105	0.0
0.010335	0.0
0.001837	0.0
0.034846	0.0
0.863628	0.0
0.003186	0.0
0.460397	1.0
0.001745	0.0
0.999507	0.0
0.963984	0.0
0.811193	0.0
0.009216	0.0
0.068607	0.0
0.118814	0.0
0.999395	1.0
0.022881	0.0
0.155466	0.0
0.089526	0.0
0.753110	1.0
0.852140	1.0
0.000495	0.0
0.026389	1.0
0.020156	0.0
0.749740	1.0
0.983153	1.0
0.003716	0.0
0.872815	1.0
0.723011	1.0
0.040013	0.0
0.020948	0.0
0.001202	0.0
0.009671	0.0
0.001153	0.0
0.759338	0.0
0.811253	1.0
0.024268	0.0
0.006425	0.0
0.058785	0.0
0.011394	1.0
0.012360	0.0
0.927959	1.0
0.991584	0.0
0.832218	1.0
0.948396	1.0
0.008114	1.0
0.999183	1.0
0.997234	0.0
0.061819	0.0
0.986909	1.0
0.021766	0.0
0.030110	1.0
0.956757	1.0
0.999779	1.0
0.040543	0.0
0.008796	0.0
0.385076	1.0
0.503041	1.0
0.543730	1.0
0.818835	1.0
0.999926	1.0
0.955553	0.0
0.763359	1.0
0.950239	0.0
0.984763	0.0
0.991973	1.0
0.105563	0.0
0.035662	0.0
0.641376	1.0
0.965926	1.0
0.003673	0.0
0.995414	1.0
0.072468	0.0
0.869568	1.0
0.000602	0.0
0.990660	1.0
0.984163	1.0
0.250979	1.0
0.004144	0.0
0.982554	1.0
0.976678	0.0
0.040256	0.0
0.062855	0.0
0.927520	0.0
0.887750	1.0
0.023869	0.0
0.039880	0.0
0.015692	0.0
0.013630	0.0
0.945541	0.0
0.121650	0.0
0.048037	0.0
0.009730	1.0
0.268216	1.0
0.411669	1.0
0.039856	1.0
0.145819	1.0
0.056240	0.0
0.014659	0.0
0.023331	0.0
0.935868	1.0
0.992762	1.0
0.001845	0.0
0.004435	0.0
0.680427	0.0
0.048618	0.0
0.217233	0.0
0.850424	1.0
0.008553	0.0
0.300667	0.0
0.026567	0.0
0.027338	0.0
0.826754	1.0
0.810490	1.0
0.032257	1.0
0.996617	1.0
0.999605	1.0
0.716732	1.0
0.205424	0.0
0.007507	0.0
0.010531	0.0
0.996680	1.0
0.001713	0.0
0.463562	0.0
0.206252	0.0
0.003737	0.0
0.040822	0.0
0.727370	1.0
0.965457	1.0
0.012714	0.0
0.300725	0.0
0.932824	0.0
0.004879	0.0
0.031273	0.0
0.004079	0.0
0.021120	0.0
0.421461	1.0
0.218972	0.0
0.304019	1.0
0.832322	1.0
0.003734	0.0
0.354704	1.0
0.002227	0.0
0.007369	1.0
0.999397	1.0
0.902692	1.0
0.067133	1.0
0.006376	0.0
0.038238	0.0
0.005689	1.0
0.038444	1.0
0.832582	0.0
0.002850	0.0
0.999070	1.0
0.810138	0.0
0.967144	1.0
0.132792	1.0
0.606538	0.0
0.975725	1.0
0.019562	0.0
0.999846	1.0
0.131519	0.0
0.122202	0.0
0.571026	1.0
0.203494	0.0
0.934373	1.0
0.996594	1.0
0.009756	0.0
0.000986	0.0
0.000932	0.0
0.628372	1.0
0.002169	0.0
0.014775	1.0
0.982229	1.0
0.963204	1.0
0.022987	0.0
0.030507	0.0
0.999300	1.0
0.999858	1.0
0.786450	1.0
0.999648	1.0
0.007391	0.0
0.002913	1.0
0.943814	1.0
0.992220	1.0
0.826791	1.0
0.072265	0.0
0.852486	0.0
0.021822	0.0
0.038628	0.0
0.044944	0.0
0.419599	0.0
0.086055	1.0
0.998616	1.0
0.077720	0.0
0.091073	0.0
0.999416	1.0
0.016387	0.0
0.004530	0.0
0.021648	0.0
0.010090	0.0
0.104010	0.0
0.039311	0.0
0.998203	1.0
0.001768	1.0
0.922065	0.0
0.013201	0.0
0.004141	0.0
0.990604	1.0
0.068041	0.0
0.998325	1.0
0.539601	0.0
0.102330	0.0
0.433354	0.0
0.122873	0.0
0.026921	0.0
0.982021	1.0
0.982174	1.0
0.959204	1.0
0.999896	1.0
0.002696	0.0
0.999567	1.0
0.999820	1.0
0.001991	0.0
0.915906	1.0
0.795060	1.0
0.002138	0.0
0.199561	1.0
0.729039	0.0
0.027965	1.0
0.761341	0.0
0.999734	1.0
0.002194	0.0
0.056745	0.0
0.030465	1.0
0.399740	0.0
0.011530	0.0
0.014851	0.0
0.995008	1.0
0.633478	1.0
0.004424	1.0
0.990939	1.0
0.013313	0.0
0.131486	0.0
0.012963	0.0
0.995195	1.0
0.982568	1.0
0.003586	0.0
0.999930	1.0
0.999835	1.0
0.080042	0.0
0.999994	1.0
0.992999	1.0
0.907951	0.0
0.006109	0.0
0.005940	1.0
0.944645	1.0
0.432457	0.0
0.374179	0.0
0.032682	0.0
0.558852	0.0
0.080426	1.0
0.008397	0.0
0.003704	0.0
0.037669	0.0
0.289013	0.0
0.641804	0.0
0.999731	1.0
0.077537	0.0
0.546318	0.0
0.096047	0.0
0.062545	0.0
0.976761	0.0
0.995175	1.0
0.993550	1.0
0.985477	1.0
0.030124	0.0
0.018917	0.0
0.969742	1.0
0.007367	0.0
0.047444	0.0
0.010788	0.0
0.993545	1.0
0.025752	0.0
0.048210	1.0
0.000686	0.0
0.132884	0.0
0.979160	1.0
0.090884	1.0
0.870331	1.0
0.050287	0.0
0.044604	0.0
0.013630	0.0
0.086603	0.0
0.996176	0.0
0.965264	0.0
0.999940	1.0
0.001548	0.0
0.028193	0.0
0.003011	0.0
0.996123	0.0
0.014204	1.0
0.928866	1.0
0.023284	0.0
0.999757	1.0
0.184240	0.0
0.015330	0.0
0.194527	1.0
0.001589	0.0
0.002136	0.0
0.126043	1.0
0.004675	0.0
0.125781	0.0
0.046349	0.0
0.582640	1.0
0.052136	0.0
0.996056	1.0
0.902711	0.0
0.967989	1.0
0.657482	0.0
0.060604	0.0
0.935826	1.0
0.221093	0.0
0.066822	1.0
0.034677	0.0
0.999430	1.0
0.999929	1.0
0.061779	1.0
0.030316	0.0
0.989470	1.0
0.836305	0.0
0.999824	1.0
0.000460	0.0
0.069887	1.0
0.006368	0.0
0.232943	0.0
0.007425	0.0
0.208445	0.0
0.000344	1.0
0.262341	0.0
0.012516	0.0
0.021466	0.0
0.177206	1.0
0.068000	1.0
0.897469	1.0
0.015724	0.0
0.002163	0.0
0.570139	1.0
0.817048	1.0
0.063580	1.0
0.999690	1.0
0.160463	0.0
0.215206	1.0
0.002524	0.0
0.022006	0.0
0.949151	1.0
0.008397	0.0
0.999450	1.0
0.867320	1.0
0.005989	0.0
0.064514	0.0
0.216943	0.0
0.016863	0.0
0.314570	1.0
0.184140	0.0
0.019102	0.0
0.999768	1.0
0.421917	1.0
0.995590	0.0
0.937392	1.0
0.994285	1.0
0.077343	1.0
0.324377	0.0
0.004262	1.0
0.746339	1.0
0.007492	0.0
0.220726	1.0
0.970028	1.0
0.000514	0.0
0.457557	1.0
0.985138	1.0
0.939277	0.0
0.000241	0.0
0.011070	0.0
0.017700	0.0
0.034631	1.0
0.879162	1.0
0.999972	1.0
0.955953	1.0
0.831402	1.0
0.932973	1.0
0.011376	0.0
0.074941	0.0
0.004373	0.0
0.045589	0.0
0.381692	0.0
0.037160	0.0
0.997432	1.0
0.001836	0.0
0.935494	0.0
0.977395	1.0
0.244864	0.0
0.667897	0.0
0.872042	0.0
0.998134	1.0
0.991972	1.0
0.596470	1.0
0.733883	0.0
0.790448	1.0
0.003568	0.0
0.009372	1.0
0.602798	0.0
0.149632	0.0
0.114617	0.0
0.959435	1.0
0.566647	0.0
0.997176	1.0
0.028306	0.0
0.759485	0.0
0.081438	0.0
0.008428	0.0
0.082982	1.0
0.916651	0.0
0.002492	0.0
0.962902	1.0
0.199139	0.0
0.014196	0.0
0.028892	0.0
0.050131	0.0
0.989512	1.0
0.992184	1.0
0.999240	1.0
0.142676	0.0
0.005976	0.0
0.999366	1.0
0.897326	0.0
0.997443	1.0
0.999900	1.0
0.254365	0.0
0.924982	0.0
0.001237	0.0
0.037298	0.0
0.043892	0.0
0.996240	1.0
0.992270	1.0
0.990286	1.0
0.996285	1.0
0.067169	0.0
0.994797	1.0
0.756626	1.0
0.007447	0.0
0.046771	0.0
0.014008	1.0
0.926857	0.0
0.991166	1.0
0.253313	1.0
0.002301	0.0
0.596625	1.0
0.998569	1.0
0.001495	0.0
0.017929	0.0
0.999884	1.0
0.218993	1.0
0.011731	0.0
0.021012	1.0
0.071763	0.0
0.993225	1.0
0.017637	0.0
0.978265	1.0
0.980191	1.0
0.412355	0.0
0.990038	1.0
0.067253	0.0
0.006711	0.0
0.999549	1.0
0.997770	1.0
0.812655	1.0
0.125082	0.0
0.910060	1.0
0.026370	0.0
0.043646	0.0
0.700943	1.0
0.063071	0.0
0.021041	0.0
0.000698	0.0
0.909851	1.0
0.056645	1.0
0.001288	0.0
0.049966	0.0
0.001230	0.0
0.997632	1.0
0.002168	0.0
0.992438	1.0
0.005789	0.0
0.764551	0.0
0.007289	0.0
0.009833	0.0
0.463597	0.0
0.099533	0.0
0.048559	0.0
0.013285	0.0
0.887013	0.0
0.009815	1.0
0.036635	0.0
0.065995	0.0
0.992628	1.0
0.999190	1.0
0.119299	0.0
0.925801	1.0
0.997549	1.0
0.025105	0.0
0.718813	0.0
0.004720	0.0
0.321148	0.0
0.221265	0.0
0.004810	0.0
0.037923	0.0
0.755042	1.0
0.998762	1.0
0.861222	0.0
0.002176	0.0
0.876092	1.0
0.020974	0.0
0.915837	1.0
0.025190	0.0
0.114756	0.0
0.005180	0.0
0.999860	1.0
0.228558	0.0
0.058415	1.0
0.997983	1.0
0.000087	0.0
0.183470	0.0
0.014646	0.0
0.011711	0.0
0.997500	1.0
0.996297	1.0
0.210995	0.0
0.013492	0.0
0.032304	0.0
0.560159	0.0
0.975211	1.0
0.301534	0.0
0.101547	0.0
0.290629	0.0
0.995105	1.0
0.026290	1.0
0.009472	0.0
0.177677	0.0
0.182655	0.0
0.007075	1.0
0.008594	0.0
0.023661	0.0
0.008957	0.0
0.477912	0.0
0.997949	1.0
0.996541	1.0
0.883593	1.0
0.145511	0.0
0.998180	1.0
0.999476	1.0
0.914189	1.0
0.009736	1.0
0.189633	1.0
0.974091	1.0
0.919502	1.0
0.869106	1.0
0.909599	1.0
0.045322	1.0
0.993701	1.0
0.007855	0.0
0.036503	0.0
0.988835	1.0
0.518176	0.0
0.002024	1.0
0.013024	0.0
0.997005	1.0
0.013777	0.0
0.001645	0.0
0.070088	0.0
0.985702	0.0
0.000259	0.0
0.112009	0.0
0.994952	1.0
0.039390	0.0
0.993008	1.0
0.393421	1.0
0.057234	0.0
0.933007	1.0
0.997678	1.0
0.034593	0.0
0.035189	0.0
0.998072	1.0
0.995728	1.0
0.098512	1.0
0.005351	1.0
0.866832	1.0
0.947330	1.0
0.025168	0.0
0.209970	0.0
0.996008	1.0
0.001385	0.0
0.992952	1.0
0.999407	1.0
0.946958	1.0
0.888805	1.0
0.009288	0.0
0.014476	0.0
0.000115	0.0
0.021499	0.0
0.041704	0.0
0.027963	0.0
0.152377	0.0
0.013171	0.0
0.009917	0.0
0.646326	1.0
0.992016	1.0
0.021348	0.0
0.946966	1.0
0.007150	0.0
0.124266	0.0
0.777257	1.0
0.010341	0.0
0.996295	1.0
0.995750	1.0
0.021707	0.0
0.997443	1.0
0.791792	1.0
0.002199	0.0
0.898951	0.0
0.991059	0.0
0.999396	1.0
0.999977	0.0
0.156864	0.0
0.043446	0.0
0.013135	0.0
0.974252	1.0
0.998535	1.0
0.940798	1.0
0.062278	1.0
0.978043	1.0
0.934033	0.0
0.005346	0.0
0.981857	0.0
0.006709	0.0
0.990973	1.0
0.167845	1.0
0.997200	1.0
0.358018	0.0
0.012308	0.0
0.999189	1.0
0.960175	0.0
0.327122	0.0
0.997878	1.0
0.521463	1.0
0.997862	1.0
0.779625	1.0
0.016616	0.0
0.967931	1.0
0.989768	1.0
0.986902	1.0
0.925197	1.0
0.940613	1.0
0.016506	1.0
0.054800	0.0
0.999683	1.0
0.025806	0.0
0.238223	0.0
0.025861	0.0
0.969957	1.0
0.084102	0.0
0.258776	1.0
0.015699	1.0
0.998629	1.0
0.285653	1.0
0.047559	1.0
0.442194	1.0
0.100598	0.0
0.117197	1.0
0.999282	0.0
0.095521	1.0
0.050901	0.0
0.071788	0.0
0.276953	1.0
0.002150	0.0
0.999106	1.0
0.989047	1.0
0.938896	0.0
0.012048	0.0
0.998111	1.0
0.771469	0.0
0.537138	0.0
0.005062	1.0
0.999763	1.0
0.941731	1.0
0.979928	0.0
0.004787	0.0
0.995576	1.0
0.618314	0.0
0.022166	0.0
0.004475	0.0
0.998651	1.0
0.987277	1.0
0.937267	1.0
0.205261	1.0
0.228108	0.0
0.021644	1.0
0.927642	0.0
0.185813	0.0
0.007585	0.0
0.050350	1.0
0.938060	1.0
0.001315	0.0
0.998778	0.0
0.998400	1.0
0.150810	1.0
0.005651	0.0
0.007510	0.0
0.995959	1.0
0.072918	1.0
0.005523	0.0
0.962440	1.0
0.998274	1.0
0.036372	0.0
0.029734	0.0
0.900932	1.0
0.180551	1.0
0.000462	0.0
0.999923	1.0
0.004111	0.0
0.039496	0.0
0.982179	0.0
0.010096	0.0
0.988192	1.0
0.547711	1.0
0.924583	0.0
0.990859	1.0
0.999215	1.0
0.446381	0.0
0.746440	1.0
0.009449	0.0
0.853163	0.0
0.201873	1.0
0.732943	1.0
0.002090	0.0
0.997513	1.0
0.989389	1.0
0.868871	1.0
0.969157	0.0
0.174746	1.0
0.934440	0.0
0.997826	0.0
0.949813	1.0
0.016626	0.0
0.145386	0.0
0.001731	0.0
0.999668	1.0
0.328330	1.0
0.985637	1.0
0.755441	0.0
0.988555	1.0
0.027954	0.0
0.019788	1.0
0.008612	1.0
0.015428	0.0
0.011157	0.0
0.006462	0.0
0.993224	1.0
0.990577	1.0
0.425092	1.0
0.001433	0.0
0.999795	1.0
0.999591	1.0
0.053294	0.0
0.443982	0.0
0.993937	1.0
0.997203	1.0
0.764824	0.0
0.977319	0.0
0.957352	0.0
0.004578	0.0
0.953180	1.0
0.972473	1.0
0.196979	0.0
0.008508	0.0
0.613598	0.0
0.978645	0.0
0.992101	1.0
0.156696	0.0
0.004633	0.0
0.005098	0.0
0.999003	0.0
0.017311	0.0
0.013746	0.0
0.023964	0.0
0.061701	1.0
0.999784	1.0
0.974439	1.0
0.034285	1.0
0.984310	1.0
0.181711	1.0
0.874804	1.0
0.026078	0.0
0.994639	1.0
0.024216	0.0
0.987794	0.0
0.980402	1.0
0.557589	0.0
0.038295	0.0
0.947280	1.0
0.062579	0.0
0.035194	0.0
0.066527	0.0
0.001657	0.0
0.170110	1.0
0.004812	0.0
0.012757	0.0
0.955720	1.0
0.999608	1.0
0.071250	0.0
0.930138	1.0
0.034700	0.0
0.034366	0.0
0.107365	0.0
0.010471	0.0
0.870569	1.0
0.014833	0.0
0.940826	1.0
0.970655	1.0
0.815000	0.0
0.999477	1.0
0.004502	0.0
0.028439	0.0
0.999317	1.0
0.998973	1.0
0.997050	1.0
0.939165	1.0
0.086161	0.0
0.177164	0.0
0.592444	1.0
0.643116	1.0
0.176618	0.0
0.060981	0.0
0.032232	0.0
0.027222	0.0
0.004904	0.0
0.033898	0.0
0.966219	1.0
0.998479	1.0
0.996362	1.0
0.019883	1.0
0.008470	0.0
0.682519	1.0
0.019477	0.0
0.030111	0.0
0.942598	0.0
0.994957	1.0
0.006813	0.0
0.015159	0.0
0.061316	1.0
0.019081	0.0
0.160320	0.0
0.131260	1.0
0.086706	0.0
0.996164	1.0
0.987330	1.0
0.123771	0.0
0.995041	1.0
0.919482	1.0
0.999924	1.0
0.008998	0.0
0.999164	1.0
0.229517	0.0
0.039178	0.0
0.020273	0.0
0.018158	0.0
0.999824	1.0
0.026523	0.0
0.288952	0.0
0.005838	0.0
0.000718	0.0
0.631557	1.0
0.961030	0.0
0.992897	1.0
0.521066	0.0
0.164943	1.0
0.018397	0.0
0.035575	1.0
0.823247	1.0
0.818121	0.0
0.974526	1.0
0.086894	1.0
0.013528	0.0
0.099299	0.0
0.027602	0.0
0.143889	0.0
0.079758	0.0
0.029552	0.0
0.999971	1.0
0.999079	1.0
0.007695	1.0
0.996030	1.0
0.999866	1.0
0.999748	0.0
0.998114	1.0
0.998231	1.0
0.051660	0.0
0.208864	1.0
0.994658	1.0
0.972022	1.0
0.008309	0.0
0.048689	0.0
0.926030	1.0
0.132547	0.0
0.987320	1.0
0.934120	0.0
0.007101	0.0
0.993932	1.0
0.997114	1.0
0.998203	1.0
0.989923	1.0
0.171906	0.0
0.983061	0.0
0.686706	1.0
0.095382	1.0
0.833438	1.0
0.165700	0.0
0.030341	0.0
0.997397	1.0
0.018607	0.0
0.000633	0.0
0.925041	1.0
0.936824	0.0
0.019830	0.0
0.961966	1.0
0.067655	0.0
0.029666	0.0
0.930416	1.0
0.880990	1.0
0.072814	0.0
0.048781	0.0
0.009646	0.0
0.054027	1.0
0.109704	0.0
0.000979	0.0
0.692488	1.0
0.023339	1.0
0.022561	1.0
0.980471	0.0
0.003245	0.0
0.013518	0.0
0.018955	0.0
0.001957	0.0
0.894065	1.0
0.979212	1.0
0.292910	1.0
0.999672	1.0
0.814904	1.0
0.421372	1.0
0.999330	1.0
0.109869	0.0
0.410519	1.0
0.021163	0.0
0.901780	0.0
0.024714	0.0
0.922191	1.0
0.997515	1.0
0.188220	0.0
0.027044	1.0
0.177458	1.0
0.197622	1.0
0.996063	1.0
0.091862	0.0
0.197271	0.0
0.110685	0.0
0.013020	1.0
0.998271	1.0
0.090845	1.0
0.473282	0.0
0.001467	1.0
0.946671	1.0
0.011881	0.0
0.003024	0.0
0.027541	1.0
0.264574	1.0
0.064583	0.0
0.911924	1.0
0.012663	0.0
0.392603	1.0
0.912221	0.0
0.897034	1.0
0.714071	1.0
0.361005	0.0
0.982571	0.0
0.010553	0.0
0.077608	0.0
0.474117	0.0
0.039621	0.0
0.284806	0.0
0.001210	0.0
0.752719	0.0
0.999240	1.0
0.076549	0.0
0.876003	1.0
0.397611	1.0
0.969831	1.0
0.999896	1.0
0.021395	0.0
0.062993	1.0
0.001273	0.0
0.994619	1.0
0.474906	1.0
0.000793	0.0
0.244427	1.0
0.008069	1.0
0.585505	1.0
0.999514	1.0
0.999542	1.0
0.425113	0.0
0.001490	0.0
0.000600	0.0
0.002040	0.0
0.425244	1.0
0.002772	0.0
0.070495	0.0
0.007796	0.0
0.024152	0.0
0.059479	0.0
0.834269	0.0
0.955171	1.0
0.691922	0.0
0.688314	0.0
0.015125	0.0
0.000281	0.0
0.005422	0.0
0.075874	0.0
0.016163	1.0
0.007025	0.0
0.971381	0.0
0.005739	0.0
0.046957	0.0
0.926977	1.0
0.511603	0.0
0.021300	0.0
0.078117	0.0
0.001244	0.0
0.003664	0.0
0.958556	1.0
0.126863	0.0
0.551482	0.0
0.204090	1.0
0.914578	0.0
0.936455	1.0
0.029430	0.0
0.497345	1.0
0.003389	0.0
0.919564	0.0
0.032224	1.0
0.016382	0.0
0.989933	1.0
0.180805	0.0
0.029913	0.0
0.067490	0.0
0.151996	0.0
0.437574	1.0
0.031453	0.0
0.978524	0.0
0.997913	1.0
0.995500	0.0
0.042339	0.0
0.879290	0.0
0.983031	0.0
0.989603	1.0
0.901871	0.0
0.034158	0.0
0.023244	0.0
0.994359	0.0
0.011706	0.0
0.999026	0.0
0.995610	1.0
0.990546	1.0
0.124901	0.0
0.133077	1.0
0.934566	1.0
0.001022	0.0
0.167629	1.0
0.711444	0.0
0.485557	1.0
0.060574	0.0
0.430462	0.0
0.925118	1.0
0.986983	1.0
0.000384	0.0
0.003162	0.0
0.069642	0.0
0.989861	1.0
0.894964	1.0
0.003183	0.0
0.053583	0.0
0.000904	0.0
0.049843	0.0
0.985202	1.0
0.970584	0.0
0.438479	1.0
0.008670	0.0
0.013933	0.0
0.425151	1.0
0.990074	1.0
0.924999	1.0
0.006491	0.0
0.004656	0.0
0.965983	1.0
0.007540	0.0
0.003271	0.0
0.012479	0.0
0.001251	0.0
0.068501	0.0
0.936346	1.0
0.979307	1.0
0.057144	0.0
0.628959	1.0
0.175771	1.0
0.029695	1.0
0.008872	0.0
0.737723	0.0
0.999573	1.0
0.019155	0.0
0.999354	1.0
0.982860	1.0
0.004058	0.0
0.004126	0.0
0.007181	0.0
0.413616	1.0
0.998773	1.0
0.104770	1.0
0.009488	0.0
0.642782	0.0
0.514520	1.0
0.997016	1.0
0.004122	0.0
0.993479	1.0
0.999187	1.0
0.101416	0.0
0.215527	0.0
0.998965	1.0
0.010588	0.0
0.340315	0.0
0.000845	0.0
0.001025	0.0
0.885241	0.0
0.003959	1.0
0.864549	1.0
0.054838	1.0
0.004130	0.0
0.999810	1.0
0.013292	0.0
0.032426	0.0
0.019209	0.0
0.982740	1.0
0.003106	1.0
0.382223	0.0
0.183761	0.0
0.984201	1.0
0.003532	0.0
0.051818	0.0
0.015177	0.0
0.064071	0.0
0.015947	0.0
0.999849	1.0
0.916880	1.0
0.993546	1.0
0.093760	0.0
0.998085	1.0
0.711525	0.0
0.025072	0.0
0.947389	1.0
0.999631	1.0
0.099342	1.0
0.998387	1.0
0.999912	1.0
0.724163	0.0
0.134537	1.0
0.029804	0.0
0.999879	1.0
0.976908	0.0
0.013149	0.0
0.089330	1.0
0.570229	1.0
0.062743	0.0
0.944885	1.0
0.008074	0.0
0.926176	1.0
0.596730	0.0
0.149668	0.0
0.164125	0.0
0.010930	0.0
0.040219	0.0
0.991633	1.0
0.988277	1.0
0.001613	0.0
0.056124	1.0
0.935770	1.0
0.004467	0.0
0.969477	0.0
0.023095	1.0
0.121753	1.0
0.997152	1.0
0.024884	0.0
0.017857	0.0
0.861953	1.0
0.359550	1.0
0.007054	0.0
0.998203	1.0
0.004260	0.0
0.493429	1.0
0.980247	1.0
0.457601	0.0
0.679554	0.0
0.007910	0.0
0.398190	0.0
0.004543	0.0
0.004312	0.0
0.968050	0.0
0.498298	1.0
0.999126	1.0
0.000928	0.0
0.003032	0.0
0.034853	1.0
0.001039	0.0
0.122198	0.0
0.015788	0.0
0.030466	1.0
0.999403	1.0
0.817393	1.0
0.004090	0.0
0.560717	1.0
0.948049	1.0
0.855069	0.0
0.001496	0.0
0.057713	0.0
0.504280	0.0
0.039032	0.0
0.615223	1.0
0.043648	0.0
0.067215	1.0
0.993104	1.0
0.004042	0.0
0.992762	1.0
0.023161	0.0
0.342571	1.0
0.999962	1.0
0.982008	1.0
0.702498	1.0
0.002874	0.0
0.007816	0.0
0.788094	0.0
0.026765	0.0
0.026072	0.0
0.081968	1.0
0.003930	0.0
0.013965	1.0
0.054282	1.0
0.957570	1.0
0.945826	1.0
0.058653	0.0
0.050465	1.0
0.863127	1.0
0.263066	0.0
0.003042	0.0
0.997554	1.0
0.003386	0.0
0.999928	1.0
0.972780	0.0
0.924357	0.0
0.997716	1.0
0.995528	1.0
0.020429	0.0
0.263149	1.0
0.975104	1.0
0.001964	0.0
0.812528	1.0
0.113636	1.0
0.612351	1.0
0.935177	1.0
0.999818	1.0
0.046856	0.0
0.986929	1.0
0.981506	1.0
0.021917	0.0
0.006540	0.0
0.149304	0.0
0.912263	0.0
0.697870	1.0
0.994415	1.0
0.003328	0.0
0.006031	0.0
0.012723	0.0
0.946378	0.0
0.983696	1.0
0.063348	0.0
0.891208	1.0
0.804027	0.0
0.092681	0.0
0.656360	1.0
0.005072	0.0
0.049343	0.0
0.984004	1.0
0.954786	1.0
0.016466	0.0
0.960751	1.0
0.011436	0.0
0.362379	1.0
0.086272	0.0
0.984987	1.0
0.418824	1.0
0.114749	0.0
0.068011	0.0
0.999943	1.0
0.005722	0.0
0.879621	1.0
0.303347	0.0
0.932563	0.0
0.109450	0.0
0.005857	0.0
0.006573	0.0
0.010805	0.0
0.031511	0.0
0.013757	0.0
0.999379	1.0
0.996488	1.0
0.001975	0.0
0.077101	0.0
0.999332	1.0
0.413089	1.0
0.881369	1.0
0.127755	1.0
0.001002	0.0
0.488090	0.0
0.006013	0.0
0.215544	0.0
0.073679	1.0
0.005971	0.0
0.020635	1.0
0.912234	0.0
0.494753	0.0
0.999976	1.0
0.480763	1.0
0.031943	0.0
0.036514	0.0
0.206763	1.0
0.006547	0.0
0.181988	0.0
0.020601	0.0
0.898688	1.0
0.999364	1.0
0.054347	0.0
0.999755	1.0
0.106806	1.0
0.728978	1.0
0.999204	1.0
0.995305	1.0
0.007780	0.0
0.984544	1.0
0.061658	0.0
0.032065	0.0
0.000420	0.0
0.033339	1.0
0.992835	1.0
0.875224	0.0
0.014101	0.0
0.047242	0.0
0.051742	0.0
0.034184	0.0
0.714785	1.0
0.998709	1.0
0.002301	0.0
0.014183	0.0
0.997850	1.0
0.052031	0.0
0.297837	1.0
0.953500	1.0
0.574786	1.0
0.993928	1.0
0.040809	1.0
0.028566	0.0
0.980841	1.0
0.173703	0.0
0.400485	1.0
0.052359	0.0
0.018409	0.0
0.675686	0.0
0.997980	1.0
0.371149	0.0
0.633782	1.0
0.975837	1.0
0.203204	1.0
0.889110	0.0
0.208819	0.0
0.005589	0.0
0.999427	1.0
0.992124	0.0
0.004135	0.0
0.971144	1.0
0.026819	0.0
0.099988	0.0
0.057826	0.0
0.048954	1.0
0.949482	0.0
0.981710	1.0
0.004720	0.0
0.043493	0.0
0.049939	1.0
0.966015	1.0
0.018736	0.0
0.250400	1.0
0.013783	0.0
0.208302	0.0
0.978796	1.0
0.002536	0.0
0.096677	0.0
0.000935	0.0
0.999931	1.0
0.993253	1.0
0.005230	0.0
0.026087	0.0
0.019275	0.0
0.991493	1.0
0.970972	1.0
0.001977	0.0
0.933331	1.0
0.276735	0.0
0.998745	1.0
0.005314	0.0
0.021241	1.0
0.030563	0.0
0.998296	1.0
0.015810	0.0
0.003224	0.0
0.017317	1.0
0.014309	0.0
0.947002	0.0
0.940731	0.0
0.030848	0.0
0.136356	0.0
0.017691	0.0
0.003848	0.0
0.019390	0.0
0.150569	1.0
0.992799	1.0
0.005148	0.0
0.000708	0.0
0.569804	1.0
0.990470	1.0
0.150200	0.0
0.620584	1.0
0.997315	1.0
0.283747	0.0
0.003882	0.0
0.076785	0.0
0.253329	1.0
0.784399	1.0
0.999133	1.0
0.996387	1.0
0.089713	1.0
0.134972	1.0
0.106270	1.0
0.012472	0.0
0.140219	0.0
0.972628	1.0
0.005875	0.0
0.847710	1.0
0.998576	0.0
0.649592	0.0
0.107986	0.0
0.664647	1.0
0.962455	1.0
0.880403	0.0
0.989521	1.0
0.075552	0.0
0.004515	0.0
0.242531	0.0
0.988751	1.0
0.013614	0.0
0.251342	0.0
0.021820	0.0
0.157056	1.0
0.028858	0.0
0.999541	0.0
0.357468	1.0
0.031945	0.0
0.018284	0.0
0.960563	0.0
0.043076	0.0
0.986354	1.0
0.930830	1.0
0.998935	1.0
0.520394	0.0
0.971581	1.0
0.015530	0.0
0.003047	0.0
0.895213	1.0
0.827035	1.0
0.956485	1.0
0.018207	0.0
0.160274	0.0
0.021331	0.0
0.519417	1.0
0.027441	0.0
0.005684	1.0
0.943449	1.0
0.171778	0.0
0.992612	1.0
0.149980	1.0
0.948611	1.0
0.984676	1.0
0.017276	0.0
0.028103	0.0
0.720116	0.0
0.971587	1.0
0.653850	0.0
0.230736	1.0
0.030870	0.0
0.005842	0.0
0.039558	0.0
0.162187	1.0
0.108151	0.0
0.015337	0.0
0.010616	0.0
0.045789	0.0
0.015250	0.0
0.999572	1.0
0.999968	1.0
0.157905	1.0
0.923884	1.0
0.567355	0.0
0.962236	1.0
0.962234	0.0
0.881543	1.0
0.001631	0.0
0.970649	1.0
0.157217	0.0
0.970697	1.0
0.995158	1.0
0.173304	0.0
0.012974	0.0
0.002763	0.0
0.008933	0.0
0.934262	1.0
0.996403	1.0
0.999949	1.0
0.701250	1.0
0.693457	0.0
0.999237	1.0
0.056254	0.0
0.997868	1.0
0.017731	0.0
0.661171	0.0
0.035100	1.0
0.041602	0.0
0.961497	1.0
0.999543	0.0
0.412987	1.0
0.022755	0.0
0.089272	0.0
0.998383	1.0
0.907455	1.0
0.998811	1.0
0.774884	1.0
0.005219	0.0
0.038585	0.0
0.002611	0.0
0.201830	0.0
0.948985	0.0
0.106525	1.0
0.071956	0.0
0.039744	0.0
0.999794	1.0
0.000632	0.0
0.319618	0.0
0.434772	0.0
0.546070	0.0
0.999538	1.0
0.004847	0.0
0.439641	0.0
0.971200	1.0
0.012608	0.0
0.824696	1.0
0.010340	0.0
0.954569	1.0
0.996465	1.0
0.447609	1.0
0.025035	1.0
0.103807	0.0
0.056531	1.0
0.004825	0.0
0.226432	0.0
0.334955	1.0
0.011779	0.0
0.924173	1.0
0.000936	0.0
0.842235	1.0
0.002244	0.0
0.124426	0.0
0.914267	1.0
0.937442	0.0
0.999478	1.0
0.022502	1.0
0.006172	0.0
0.005283	0.0
0.024753	0.0
0.965650	1.0
0.004337	0.0
0.021945	1.0
0.111654	0.0
0.088435	0.0
0.006440	0.0
0.406253	0.0
0.013962	0.0
0.990323	1.0
0.990430	1.0
0.248199	1.0
0.150995	0.0
0.583182	1.0
0.711024	0.0
0.991985	1.0
0.994944	1.0
0.740660	0.0
0.999676	1.0
0.227634	0.0
0.964135	1.0
0.723452	1.0
0.003299	0.0
0.020254	0.0
0.004923	0.0
0.764814	1.0
0.023399	0.0
0.014457	0.0
0.046926	0.0
0.992322	1.0
0.104467	1.0
0.853374	0.0
0.038461	0.0
0.994685	0.0
0.129094	0.0
0.012274	0.0
0.056185	0.0
0.002015	0.0
0.990841	0.0
0.053493	0.0
0.009337	0.0
0.040766	0.0
0.878778	1.0
0.948613	1.0
0.882168	1.0
0.029942	0.0
0.980746	1.0
0.614761	1.0
0.117288	1.0
0.017785	0.0
0.137651	1.0
0.775840	0.0
0.080805	0.0
0.039279	0.0
0.033553	0.0
0.000812	0.0
0.978031	0.0
0.999751	1.0
0.359766	0.0
0.002851	0.0
0.811274	1.0
0.043960	0.0
0.007010	0.0
0.003985	0.0
0.000474	0.0
0.002848	0.0
0.997338	0.0
0.991394	1.0
0.954891	1.0
0.040840	0.0
0.880696	1.0
0.210434	0.0
0.997481	1.0
0.999771	1.0
0.722238	1.0
0.999460	1.0
0.127227	0.0
0.004017	0.0
0.577968	0.0
0.973701	0.0
0.980590	1.0
0.990832	0.0
0.003778	0.0
0.018334	0.0
0.002186	1.0
0.821433	0.0
0.698185	0.0
0.003820	0.0
0.022993	0.0
0.015242	0.0
0.001700	0.0
0.999130	1.0
0.380245	1.0
0.007181	0.0
0.011852	0.0
0.097278	1.0
0.999368	1.0
0.007419	0.0
0.918760	0.0
0.002797	0.0
0.720559	0.0
0.042342	0.0
0.216050	1.0
0.999846	1.0
0.968824	1.0
0.308781	0.0
0.009112	0.0
0.995365	1.0
0.072356	0.0
0.005986	0.0
0.027798	0.0
0.803326	0.0
0.999966	1.0
0.019023	0.0
0.999933	1.0
0.953502	1.0
0.998010	1.0
0.003658	0.0
0.004652	0.0
0.012659	0.0
0.020506	0.0
0.999354	1.0
0.931090	1.0
0.791282	1.0
0.159979	0.0
0.149155	1.0
0.006413	1.0
0.996382	1.0
0.048299	0.0
0.837253	0.0
0.008945	0.0
0.006433	0.0
0.008278	0.0
0.001237	0.0
0.972221	0.0
0.095195	1.0
0.004811	0.0
0.732297	1.0
0.947129	1.0
0.919844	0.0
0.001653	0.0
0.692196	1.0
0.034952	0.0
0.002429	0.0
0.067389	0.0
0.995726	1.0
0.918037	1.0
0.120535	0.0
0.151312	1.0
0.074506	0.0
0.077817	0.0
0.998416	1.0
0.873101	1.0
0.018401	0.0
0.971148	0.0
0.009559	0.0
0.998046	1.0
0.957709	1.0
0.485365	0.0
0.735093	1.0
0.999951	1.0
0.983516	1.0
0.639586	0.0
0.999717	1.0
0.041986	0.0
0.088127	1.0
0.050993	0.0
0.934952	0.0
0.038790	0.0
0.051384	0.0
0.000483	0.0
0.006638	1.0
0.998953	1.0
0.004348	0.0
0.684006	0.0
0.858947	0.0
0.002446	0.0
0.290657	1.0
0.009513	1.0
0.939876	0.0
0.064752	0.0
0.999941	0.0
0.003370	0.0
0.209866	0.0
0.841095	0.0
0.998247	1.0
0.002222	0.0
0.991799	1.0
0.997738	1.0
0.824223	0.0
0.006810	0.0
0.011028	0.0
0.298650	1.0
0.013674	1.0
0.008236	0.0
0.058091	0.0
0.073687	0.0
0.548621	1.0
0.026047	0.0
0.438061	0.0
0.185711	0.0
0.002914	0.0
0.038487	0.0
0.645364	0.0
0.004922	0.0
0.120053	0.0
0.043100	0.0
0.066953	0.0
0.002516	0.0
0.809480	0.0
0.972057	1.0
0.996902	1.0
0.443892	1.0
0.201075	0.0
0.001020	0.0
0.862088	0.0
0.006127	0.0
0.999414	1.0
0.479568	0.0
0.758112	0.0
0.997387	1.0
0.999840	1.0
0.997179	1.0
0.013489	0.0
0.105539	0.0
0.006531	0.0
0.995912	1.0
0.975212	0.0
0.699173	1.0
0.025543	0.0
0.029323	0.0
0.048025	1.0
0.999486	1.0
0.692423	0.0
0.005447	0.0
0.986410	1.0
0.990544	1.0
0.963118	1.0
0.047508	0.0
0.971848	0.0
0.994126	1.0
0.098587	0.0
0.997033	1.0
0.003688	0.0
0.020390	0.0
0.970848	1.0
0.990277	1.0
0.911069	1.0
0.026897	0.0
0.049276	0.0
0.026576	0.0
0.601446	0.0
0.065234	0.0
0.591596	0.0
0.994577	1.0
0.033865	0.0
0.999969	1.0
0.115701	0.0
0.063161	0.0
0.999699	1.0
0.999918	1.0
0.160733	1.0
0.084794	0.0
0.996772	1.0
0.212092	1.0
0.209054	0.0
0.979121	1.0
0.751753	0.0
0.016454	0.0
0.992701	1.0
0.370854	0.0
0.013060	0.0
0.002161	0.0
0.002855	0.0
0.993294	1.0
0.014256	0.0
0.032793	0.0
0.989766	1.0
0.020762	0.0
0.983985	0.0
0.004399	0.0
0.605338	1.0
0.021091	0.0
0.010498	0.0
0.424024	1.0
0.000844	0.0
0.005608	0.0
0.999815	1.0
0.926252	0.0
0.779320	0.0
0.395129	0.0
0.007722	0.0
0.060696	0.0
0.198162	0.0
0.007785	0.0
0.004369	0.0
0.339462	1.0
0.082997	0.0
0.001409	0.0
0.942698	0.0
0.013286	1.0
0.282816	1.0
0.043363	0.0
0.090335	0.0
0.954269	1.0
0.000505	0.0
0.926857	1.0
0.058822	0.0
0.219577	0.0
0.953992	1.0
0.002989	0.0
0.128874	1.0
0.002762	0.0
0.973190	1.0
0.005918	0.0
0.428255	1.0
0.013071	0.0
0.016591	0.0
0.016766	0.0
0.035764	1.0
0.901364	0.0
0.003978	0.0
0.938406	0.0
0.689114	1.0
0.999524	1.0
0.974075	0.0
0.953572	1.0
0.098557	0.0
0.999859	1.0
0.068326	0.0
0.932550	1.0
0.991193	1.0
0.014328	0.0
0.997982	1.0
0.214320	0.0
0.156499	1.0
0.028557	0.0
0.029927	0.0
0.506373	0.0
0.907837	1.0
0.250977	1.0
0.959744	1.0
0.043690	1.0
0.988088	1.0
0.007049	0.0
0.044837	0.0
0.994060	0.0
0.344311	0.0
0.936239	1.0
0.018252	0.0
0.001050	0.0
0.925311	0.0
0.011132	1.0
0.442755	0.0
0.109950	0.0
0.904653	0.0
0.010922	0.0
0.997294	1.0
0.009798	0.0
0.813696	0.0
0.997675	1.0
0.458240	1.0
0.003074	0.0
0.984695	0.0
0.034427	0.0
0.061400	0.0
0.029530	0.0
0.995813	1.0
0.003337	0.0
0.095531	0.0
0.520704	0.0
0.999843	1.0
0.353529	1.0
0.999257	1.0
0.065192	0.0
0.032462	0.0
0.000217	0.0
0.709179	1.0
0.794121	1.0
0.999191	1.0
0.999336	1.0
0.001844	0.0
0.005678	0.0
0.997073	1.0
0.038424	0.0
0.147319	0.0
0.019278	1.0
0.173885	0.0
0.774374	0.0
0.999110	1.0
0.901915	1.0
0.014375	0.0
0.851023	0.0
0.010257	0.0
0.123425	0.0
0.987458	0.0
0.991555	1.0
0.013379	0.0
0.002648	0.0
0.071838	0.0
0.002259	0.0
0.003937	0.0
0.063543	0.0
0.997173	1.0
0.007268	0.0
0.044208	0.0
0.017788	0.0
0.985550	1.0
0.120003	0.0
0.005156	0.0
0.999909	1.0
0.071669	1.0
0.994806	1.0
0.114891	0.0
0.002536	0.0
0.246721	0.0
0.001395	0.0
0.007307	0.0
0.946054	1.0
0.436647	1.0
0.000592	0.0
0.124915	0.0
0.997180	1.0
0.988197	1.0
0.004531	0.0
0.980054	1.0
0.095162	1.0
0.981641	1.0
0.969222	1.0
0.021409	0.0
0.999995	1.0
0.998077	1.0
0.551463	0.0
0.996136	1.0
0.001915	0.0
0.992235	1.0
0.999404	1.0
0.973966	1.0
0.002195	0.0
0.004932	0.0
0.009462	0.0
0.046581	0.0
0.012728	1.0
0.162636	1.0
0.122068	0.0
0.017010	1.0
0.001037	0.0
0.998724	1.0
0.003592	0.0
0.903827	1.0
0.094786	1.0
0.045843	0.0
0.996148	0.0
0.002451	0.0
0.989674	1.0
0.015177	1.0
0.829088	0.0
0.999920	1.0
0.014161	0.0
0.932579	1.0
0.984378	0.0
0.003119	0.0
0.256222	1.0
0.463788	0.0
0.062863	0.0
0.005617	0.0
0.414555	0.0
0.999913	1.0
0.005462	0.0
0.055602	0.0
0.017519	0.0
0.002960	1.0
0.005309	1.0
0.678228	0.0
0.856252	1.0
0.000975	0.0
0.014868	0.0
0.927226	1.0
0.017982	1.0
0.013741	0.0
0.798011	1.0
0.026394	0.0
0.007661	1.0
0.148355	0.0
0.889556	1.0
0.209433	0.0
0.996858	1.0
0.014699	1.0
0.082445	1.0
0.995147	1.0
0.013554	1.0
0.002678	1.0
0.973336	1.0
0.034948	0.0
0.998699	1.0
0.022146	0.0
0.973764	1.0
0.009838	0.0
0.087524	1.0
0.043607	0.0
0.874770	1.0
0.013587	0.0
0.020459	0.0
0.999930	1.0
0.029411	0.0
0.821576	1.0
0.999582	1.0
0.279405	0.0
0.004229	0.0
0.019675	0.0
0.685474	1.0
0.010751	0.0
0.082831	0.0
0.999952	1.0
0.005075	0.0
0.999986	1.0
0.030276	0.0
0.000758	0.0
0.010845	0.0
0.860007	1.0
0.003909	0.0
0.997651	1.0
0.021983	0.0
0.008206	1.0
0.879332	0.0
0.012879	1.0
0.101103	0.0
0.010965	0.0
0.141079	0.0
0.649648	0.0
0.996273	1.0
0.690107	0.0
0.009366	0.0
0.005265	0.0
0.991976	1.0
0.031389	0.0
0.230658	1.0
0.976743	1.0
0.010854	0.0
0.025466	0.0
0.005791	0.0
0.997724	1.0
0.461847	0.0
0.694306	1.0
0.229225	0.0
0.018678	0.0
0.002368	0.0
0.161779	1.0
0.179802	0.0
0.085120	0.0
0.020065	0.0
0.026209	0.0
0.013558	0.0
0.005759	0.0
0.728862	0.0
0.976919	0.0
0.957576	1.0
0.765129	0.0
0.009044	0.0
0.242326	0.0
0.006219	0.0
0.000352	0.0
0.134781	0.0
0.230962	0.0
0.998726	1.0
0.755415	1.0
0.985540	1.0
0.999967	1.0
0.077714	0.0
0.897624	1.0
0.001706	0.0
0.658294	0.0
0.995299	0.0
0.016609	0.0
0.966098	0.0
0.999211	1.0
0.006439	0.0
0.013477	0.0
0.998703	1.0
0.019183	0.0
0.014176	0.0
0.000819	0.0
0.995802	1.0
0.999158	1.0
0.068973	0.0
0.032614	0.0
0.001445	0.0
0.004382	0.0
0.969817	0.0
0.013920	1.0
0.021419	0.0
0.996680	1.0
0.999860	1.0
0.002174	0.0
0.318721	1.0
0.033690	0.0
0.003910	0.0
0.014174	0.0
0.099004	0.0
0.003600	0.0
0.002889	0.0
0.998868	1.0
0.008075	0.0
0.996526	1.0
0.780145	1.0
0.961026	1.0
0.011296	0.0
0.098040	0.0
0.053106	0.0
0.826066	0.0
0.995231	1.0
0.001879	0.0
0.689078	0.0
0.609905	1.0
0.017957	0.0
0.580366	0.0
0.419136	1.0
0.994624	1.0
0.970648	0.0
0.134091	1.0
0.997323	1.0
0.001441	0.0
0.608978	1.0
0.011014	1.0
0.999262	1.0
0.958623	1.0
0.006703	0.0
0.907919	1.0
0.972196	1.0
0.934641	1.0
0.991349	1.0
0.015936	0.0
0.990763	1.0
0.973172	1.0
0.201202	1.0
0.030268	0.0
0.000539	0.0
0.117483	1.0
0.996459	1.0
0.999962	1.0
0.999050	1.0
0.371710	0.0
0.542120	0.0
0.030066	1.0
0.061290	0.0
0.103504	1.0
0.002886	0.0
0.002422	0.0
0.216203	0.0
0.505806	0.0
0.009730	0.0
0.007280	0.0
0.998914	1.0
0.904413	0.0
0.433635	0.0
0.399019	0.0
0.953530	0.0
0.001652	0.0
0.097995	0.0
0.003800	0.0
0.079259	1.0
0.004939	0.0
0.000176	0.0
0.004029	0.0
0.527677	1.0
0.036248	0.0
0.088709	0.0
0.999459	1.0
0.172965	0.0
0.995161	1.0
0.030393	0.0
0.002635	0.0
0.857675	1.0
0.997277	1.0
0.949638	1.0
0.997950	1.0
0.006137	0.0
0.698482	1.0
0.020389	0.0
0.018609	0.0
0.965961	1.0
0.008541	0.0
0.006360	0.0
0.002799	0.0
0.856885	0.0
0.038200	0.0
0.998667	1.0
0.016082	0.0
0.999242	1.0
0.948241	0.0
0.058899	0.0
0.959892	1.0
0.011798	0.0
0.097622	0.0
0.972745	1.0
0.978724	1.0
0.003845	0.0
0.002283	0.0
0.085769	0.0
0.027999	0.0
0.998988	1.0
0.998710	1.0
0.245632	0.0
0.061548	0.0
0.994398	1.0
0.478761	0.0
0.010523	0.0
0.990868	1.0
0.032258	0.0
0.946817	0.0
0.273935	0.0
0.002962	0.0
0.023498	0.0
0.004006	1.0
0.018291	0.0
0.044922	0.0
0.979219	0.0
0.672041	1.0
0.002315	0.0
0.013236	1.0
0.002863	0.0
0.021809	0.0
0.033647	0.0
0.001603	0.0
0.216495	0.0
0.001494	0.0
0.551991	1.0
0.985623	1.0
0.029947	0.0
0.176354	0.0
0.038032	0.0
0.990386	0.0
0.004408	1.0
0.125447	0.0
0.984705	1.0
0.975600	1.0
0.999828	1.0
0.193611	1.0
0.999362	1.0
0.994494	1.0
0.712858	1.0
0.094552	0.0
0.014399	0.0
0.078467	0.0
0.005307	0.0
0.292928	0.0
0.032484	0.0
0.247465	1.0
0.475546	0.0
0.082417	0.0
0.013174	0.0
0.997830	1.0
0.998942	1.0
0.028641	0.0
0.002009	0.0
0.975401	1.0
0.305560	0.0
0.152283	0.0
0.525248	0.0
0.872164	1.0
0.052366	1.0
0.019445	0.0
0.056070	0.0
0.977931	1.0
0.001115	0.0
0.033926	1.0
0.001870	0.0
0.976370	1.0
0.003621	0.0
0.179480	0.0
0.023487	0.0
0.009853	0.0
0.946599	1.0
0.206071	0.0
0.594064	1.0
0.999605	1.0
0.147893	1.0
0.208260	1.0
0.995089	1.0
0.991361	1.0
0.993975	1.0
0.376783	0.0
0.025355	1.0
0.050736	0.0
0.000940	0.0
0.002265	0.0
0.001172	0.0
0.998588	1.0
0.001183	0.0
0.644137	1.0
0.021275	0.0
0.622315	0.0
0.088849	1.0
0.984729	0.0
0.984458	1.0
0.999647	1.0
0.999834	1.0
0.139982	0.0
0.001971	0.0
0.006665	1.0
0.899477	1.0
0.495783	1.0
0.999704	1.0
0.781023	0.0
0.999843	1.0
0.956695	1.0
0.004673	0.0
0.141647	0.0
0.980659	1.0
0.260958	1.0
0.999776	1.0
0.007439	0.0
0.045333	1.0
0.943874	1.0
0.366417	1.0
0.999993	1.0
0.964751	1.0
0.999768	1.0
0.798087	1.0
0.002584	1.0
0.799177	1.0
0.855250	1.0
0.053569	1.0
0.990287	1.0
0.093835	0.0
0.924956	0.0
0.609837	0.0
0.010971	0.0
0.025654	0.0
0.006972	0.0
0.017595	0.0
0.044423	0.0
0.000410	0.0
0.992605	1.0
0.942194	1.0
0.973348	1.0
0.090292	0.0
0.763945	1.0
0.064499	0.0
0.409756	0.0
0.995950	1.0
0.017923	0.0
0.999552	1.0
0.023489	0.0
0.843514	0.0
0.004771	0.0
0.016951	0.0
0.024585	0.0
0.006285	0.0
0.000408	0.0
0.002403	0.0
0.060866	0.0
0.693309	1.0
0.021911	0.0
0.971463	1.0
0.041391	1.0
0.874138	1.0
0.999268	1.0
0.840565	1.0
0.996638	1.0
0.991442	1.0
0.084081	0.0
0.009082	1.0
0.001111	0.0
0.073201	0.0
0.981562	1.0
0.010848	0.0
0.734003	0.0
0.996280	0.0
0.010836	0.0
0.959872	1.0
0.997748	1.0
0.004980	0.0
0.979150	1.0
0.033852	1.0
0.999643	1.0
0.014872	0.0
0.992048	0.0
0.933322	1.0
0.011828	0.0
0.003052	0.0
0.998099	1.0
0.994867	0.0
0.004311	0.0
0.516983	1.0
0.034009	0.0
0.003401	0.0
0.043727	0.0
0.155801	0.0
0.854464	0.0
0.339123	0.0
0.984868	1.0
0.626381	0.0
0.938893	0.0
0.883099	1.0
0.989219	1.0
0.033793	1.0
0.003185	0.0
0.417947	0.0
0.806176	1.0
0.005654	0.0
0.018691	0.0
0.385918	1.0
0.006596	1.0
0.098730	0.0
0.986659	1.0
0.998339	0.0
0.060619	1.0
0.775960	0.0
0.930526	0.0
0.997525	1.0
0.007702	0.0
0.019811	1.0
0.664441	0.0
0.982731	1.0
0.014583	1.0
0.005626	0.0
0.622473	0.0
0.035054	1.0
0.610947	0.0
0.993276	1.0
0.999971	1.0
0.106010	1.0
0.110537	0.0
0.840294	1.0
0.052935	1.0
0.034364	1.0
0.013894	0.0
0.909304	1.0
0.185314	0.0
0.984034	1.0
0.042705	0.0
0.241303	1.0
0.574157	0.0
0.999483	1.0
0.975106	1.0
0.994195	1.0
0.249635	1.0
0.012475	0.0
0.060714	1.0
0.594329	1.0
0.730911	1.0
0.976145	1.0
0.882443	1.0
0.871096	1.0
0.999021	1.0
0.007004	0.0
0.095683	1.0
0.021647	1.0
0.063245	0.0
0.952336	1.0
0.997733	1.0
0.112711	0.0
0.652359	0.0
0.004632	0.0
0.999514	1.0
0.806161	1.0
0.022718	0.0
0.023684	0.0
0.009829	0.0
0.024349	0.0
0.999686	1.0
0.081701	0.0
0.027392	0.0
0.000430	0.0
0.949035	1.0
0.934942	1.0
0.828191	1.0
0.549616	1.0
0.975260	1.0
0.162127	0.0
0.995283	1.0
0.999623	1.0
0.001721	0.0
0.908129	1.0
0.002044	0.0
0.077643	1.0
0.000905	0.0
0.033958	1.0
0.970096	1.0
0.010028	0.0
0.727940	1.0
0.939478	1.0
0.949085	1.0
0.534686	0.0
0.102229	0.0
0.037348	0.0
0.004225	0.0
0.995406	0.0
0.994325	1.0
0.114752	0.0
0.996634	1.0
0.002097	0.0
0.002209	0.0
0.229177	1.0
0.598236	0.0
0.001345	0.0
0.011027	0.0
0.570352	0.0
0.983157	1.0
0.201537	1.0
0.036516	1.0
0.003763	0.0
0.009603	0.0
0.995520	1.0
0.040478	0.0
0.070016	0.0
0.408472	1.0
0.999796	1.0
0.983385	1.0
0.123191	0.0
0.995967	1.0
0.001375	0.0
0.026986	0.0
0.303511	0.0
0.051156	0.0
0.916213	1.0
0.310474	1.0
0.013742	0.0
0.002072	1.0
0.893575	1.0
0.000544	0.0
0.060726	0.0
0.002071	0.0
0.019243	1.0
0.995794	1.0
0.999795	1.0
0.924537	1.0
0.904711	1.0
0.003679	0.0
0.912991	1.0
0.007296	1.0
0.070492	0.0
0.019409	1.0
0.297322	1.0
0.016496	0.0
0.983428	1.0
0.090807	0.0
0.006089	0.0
0.516810	1.0
0.894100	1.0
0.440057	0.0
0.999926	1.0
0.991321	1.0
0.962845	1.0
0.970749	1.0
0.023480	0.0
0.230403	0.0
0.173212	0.0
0.002221	0.0
0.013659	1.0
0.995390	1.0
0.016220	0.0
0.719027	0.0
0.004544	0.0
0.004931	0.0
0.576318	0.0
0.999504	1.0
0.151549	0.0
0.010254	1.0
0.194495	0.0
0.017137	0.0
0.925779	0.0
0.040038	0.0
0.202513	1.0
0.934352	1.0
0.001560	0.0
0.031875	1.0
0.450692	1.0
0.999994	1.0
0.035736	0.0
0.732001	1.0
0.997655	1.0
0.999204	1.0
0.999116	1.0
0.009158	0.0
0.124721	0.0
0.799725	0.0
0.867553	1.0
0.994939	0.0
0.615404	0.0
0.012457	0.0
0.157525	0.0
0.031290	0.0
0.073116	0.0
0.075888	0.0
0.999995	1.0
0.472432	0.0
0.037753	0.0
0.741738	1.0
0.292871	1.0
0.601788	1.0
0.203892	1.0
0.007065	0.0
0.077958	0.0
0.999974	1.0
0.949891	1.0
0.001146	0.0
0.010491	0.0
0.003974	0.0
0.245296	1.0
0.205354	0.0
0.999446	1.0
0.048608	1.0
0.006778	0.0
0.367940	1.0
0.999667	1.0
0.964523	1.0
0.323987	0.0
0.001927	0.0
0.992987	1.0
0.031122	0.0
0.191208	0.0
0.734776	0.0
0.002144	0.0
0.015200	0.0
0.999672	1.0
0.042146	0.0
0.714062	1.0
0.211521	1.0
0.197600	1.0
0.016786	0.0
0.924174	0.0
0.007768	0.0
0.006072	0.0
0.652774	0.0
0.983694	1.0
0.006572	0.0
0.289490	1.0
0.063185	0.0
0.027944	0.0
0.107955	0.0
0.016179	0.0
0.001654	0.0
0.030508	1.0
0.003895	0.0
0.001455	0.0
0.999929	0.0
0.954730	0.0
0.795921	1.0
0.037277	1.0
0.995646	1.0
0.037125	0.0
0.992224	1.0
0.029542	0.0
0.999164	1.0
0.999597	1.0
0.134209	1.0
0.776367	0.0
0.006375	1.0
0.025561	1.0
0.020789	0.0
0.976763	1.0
0.981085	1.0
0.999931	1.0
0.009147	0.0
0.959241	1.0
0.972611	1.0
0.093114	1.0
0.999497	0.0
0.724951	0.0
0.228192	0.0
0.009667	0.0
0.131131	0.0
0.746765	0.0
0.021316	0.0
0.006444	0.0
0.999763	0.0
0.023546	0.0
0.000574	0.0
0.998989	1.0
0.902692	1.0
0.996041	1.0
0.998184	1.0
0.008432	0.0
0.117413	0.0
0.012504	0.0
0.044037	0.0
0.000592	0.0
0.001865	0.0
0.988923	1.0
0.043019	0.0
0.035763	1.0
0.945772	0.0
0.016116	0.0
0.001546	0.0
0.005863	0.0
0.995218	1.0
0.019485	1.0
0.006610	0.0
0.347604	0.0
0.669027	0.0
0.007204	0.0
0.004346	0.0
0.004679	0.0
0.028862	0.0
0.950900	1.0
0.057140	0.0
0.999440	1.0
0.898220	1.0
0.016119	1.0
0.773920	0.0
0.016938	0.0
0.915291	0.0
0.647965	0.0
0.787521	0.0
0.014015	0.0
0.030201	0.0
0.139734	0.0
0.997173	1.0
0.441833	0.0
0.681039	0.0
0.050551	0.0
0.806253	0.0
0.215363	0.0
0.354210	0.0
0.978171	1.0
0.931662	1.0
0.005398	0.0
0.786824	1.0
0.999853	1.0
0.999823	1.0
0.616026	1.0
0.556698	1.0
0.999703	1.0
0.047167	1.0
0.002450	0.0
0.015353	0.0
0.014526	0.0
0.414389	1.0
0.010860	0.0
0.535458	1.0
0.992706	1.0
0.872595	0.0
0.305544	1.0
0.874437	1.0
0.007127	0.0
0.973887	1.0
0.004783	0.0
0.314410	0.0
0.998726	1.0
0.028463	0.0
0.005780	0.0
0.007597	0.0
0.015107	0.0
0.004720	0.0
0.336523	0.0
0.330533	0.0
0.009582	0.0
0.007031	0.0
0.376487	0.0
0.052056	0.0
0.823323	1.0
0.084495	0.0
0.511569	0.0
0.995737	1.0
0.101473	0.0
0.001182	0.0
0.034796	0.0
0.004324	0.0
0.876951	1.0
0.020358	0.0
0.423440	1.0
0.005464	0.0
0.038478	0.0
0.015825	0.0
0.058883	0.0
0.154060	0.0
0.423158	1.0
0.985913	1.0
0.015638	0.0
0.977419	1.0
0.024371	0.0
0.999878	1.0
0.009342	0.0
0.048812	1.0
0.037602	0.0
0.030783	0.0
0.900297	0.0
0.365305	1.0
0.999977	1.0
0.029428	0.0
0.020140	1.0
0.012075	1.0
0.999266	1.0
0.029598	1.0
0.115035	1.0
0.995857	1.0
0.179520	0.0
0.012685	0.0
0.998836	1.0
0.994409	1.0
0.952128	0.0
0.998971	1.0
0.220649	0.0
0.108656	0.0
0.993358	0.0
0.964436	0.0
0.008900	0.0
0.002671	1.0
0.005784	0.0
0.909050	1.0
0.743802	0.0
0.989583	1.0
0.071302	0.0
0.136244	0.0
0.999640	1.0
0.877295	0.0
0.966822	1.0
0.022496	1.0
0.054462	1.0
0.967538	1.0
0.056716	0.0
0.677873	1.0
0.982288	1.0
0.053051	0.0
0.006206	0.0
0.886231	1.0
0.015531	0.0
0.072155	1.0
0.996945	1.0
0.914145	1.0
0.980351	1.0
0.035201	1.0
0.239571	1.0
0.265985	0.0
0.999261	1.0
0.114974	0.0
0.026157	0.0
0.016852	0.0
0.803636	0.0
0.493577	1.0
0.006550	0.0
0.977710	1.0
0.009964	0.0
0.596326	1.0
0.996877	1.0
0.040449	0.0
0.003768	0.0
0.996918	1.0
0.211514	1.0
0.085100	0.0
0.001876	0.0
0.099552	0.0
0.998988	1.0
0.987030	1.0
0.343090	0.0
0.990133	1.0
0.020095	0.0
0.003233	0.0
0.973830	1.0
0.983881	1.0
0.759822	1.0
0.898080	0.0
0.807765	0.0
0.937018	1.0
0.670718	0.0
0.999106	1.0
0.978900	0.0
0.734698	1.0
0.033299	0.0
0.965256	1.0
0.022147	0.0
0.085216	0.0
0.048088	0.0
0.029612	1.0
0.844321	1.0
0.023720	0.0
0.031635	0.0
0.993600	0.0
0.000484	0.0
0.997635	1.0
0.037964	0.0
0.581964	1.0
0.056468	0.0
0.037767	0.0
0.998687	1.0
0.017717	1.0
0.204650	0.0
0.221516	1.0
0.948971	0.0
0.003530	0.0
0.633764	0.0
0.998758	1.0
0.018879	0.0
0.021131	0.0
0.982778	0.0
0.427076	1.0
0.986120	1.0
0.996163	1.0
0.994257	1.0
0.993817	1.0
0.997951	1.0
0.016830	0.0
0.023724	0.0
0.892209	0.0
0.080742	1.0
0.994623	0.0
0.924273	0.0
0.212585	0.0
0.003903	0.0
0.002318	0.0
0.004469	0.0
0.223528	1.0
0.044696	0.0
0.995391	0.0
0.002575	0.0
0.013079	0.0
0.008092	1.0
0.009609	0.0
0.927408	1.0
0.992551	1.0
0.875354	1.0
0.826287	0.0
0.127801	1.0
0.716686	1.0
0.625905	1.0
0.866733	0.0
0.010040	0.0
0.004708	0.0
0.735095	0.0
0.013779	0.0
0.796415	1.0
0.985569	0.0
0.392280	0.0
0.065054	0.0
0.399601	0.0
0.257657	1.0
0.316601	1.0
0.195512	1.0
0.999988	1.0
0.019889	0.0
0.003185	0.0
0.964722	1.0
0.008131	0.0
0.046686	0.0
0.895691	1.0
0.410325	1.0
0.001150	0.0
0.555776	1.0
0.919890	1.0
0.285160	1.0
0.001044	0.0
0.013245	0.0
0.009912	0.0
0.983042	1.0
0.074825	0.0
0.977123	1.0
0.752659	1.0
0.914394	0.0
0.923789	1.0
0.002076	1.0
0.470611	1.0
0.003654	0.0
0.759402	0.0
0.096104	0.0
0.998894	1.0
0.999642	1.0
0.026334	0.0
0.036063	1.0
0.080819	0.0
0.100675	1.0
0.003546	1.0
0.009235	1.0
0.004358	0.0
0.093477	0.0
0.226197	0.0
0.003826	0.0
0.014916	0.0
0.682601	1.0
0.010707	0.0
0.003959	0.0
0.997025	0.0
0.996680	0.0
0.990870	1.0
0.008094	0.0
0.079681	0.0
0.004157	0.0
0.068122	0.0
0.002492	0.0
0.501639	0.0
0.059143	0.0
0.027609	1.0
0.999911	1.0
0.017677	0.0
0.300994	1.0
0.056963	0.0
0.995276	0.0
0.240246	1.0
0.155254	0.0
0.703892	1.0
0.019690	0.0
0.217079	0.0
0.377752	0.0
0.999207	1.0
0.026015	1.0
0.891640	1.0
0.203564	1.0
0.472478	1.0
0.353477	0.0
0.987242	1.0
0.006111	0.0
0.003784	0.0
0.892920	1.0
0.041757	1.0
0.931223	1.0
0.745940	0.0
0.023252	0.0
0.102994	0.0
0.047660	0.0
0.019916	0.0
0.126949	1.0
0.998241	1.0
0.008915	0.0
0.976478	1.0
0.006105	0.0
0.008715	1.0
0.180419	0.0
0.011366	0.0
0.051662	1.0
0.021077	0.0
0.991078	1.0
0.018374	0.0
0.834771	0.0
0.000818	0.0
0.127891	1.0
0.004352	0.0
0.754030	0.0
0.999897	1.0
0.000576	0.0
0.064127	0.0
0.171346	1.0
0.001523	0.0
0.672681	1.0
0.451866	0.0
0.045277	0.0
0.040266	0.0
0.974090	1.0
0.986048	0.0
0.997370	0.0
0.002844	0.0
0.995524	1.0
0.491210	0.0
0.743485	1.0
0.010955	0.0
0.020379	0.0
0.003296	1.0
0.714907	0.0
0.085749	0.0
0.995276	1.0
0.070396	0.0
0.998129	1.0
0.999456	1.0
0.991935	1.0
0.066813	1.0
0.015481	0.0
0.999283	1.0
0.007694	0.0
0.022155	0.0
0.958081	1.0
0.979789	1.0
0.208690	0.0
0.044500	0.0
0.016704	0.0
0.721361	0.0
0.879219	1.0
0.431694	0.0
0.037912	0.0
0.032161	0.0
0.686762	1.0
0.838326	0.0
0.014927	0.0
0.999914	1.0
0.016220	0.0
0.936939	1.0
0.357550	1.0
0.997735	1.0
0.001792	0.0
0.858764	1.0
0.998695	1.0
0.002540	0.0
0.999310	0.0
0.121696	0.0
0.012360	0.0
0.043865	1.0
0.057436	0.0
0.960250	1.0
0.999994	1.0
0.107926	1.0
0.992342	0.0
0.065607	0.0
0.401067	0.0
0.447417	0.0
0.041831	0.0
0.011743	0.0
0.823147	0.0
0.843667	1.0
0.047974	0.0
0.669870	0.0
0.999309	1.0
0.990639	1.0
0.273868	0.0
0.027755	0.0
0.002803	0.0
0.007751	0.0
0.998700	1.0
0.041365	0.0
0.775706	0.0
0.008014	0.0
0.010950	0.0
0.065103	0.0
0.235433	1.0
0.118905	0.0
0.068608	0.0
0.999713	1.0
0.008017	0.0
0.005500	0.0
0.048121	1.0
0.018396	0.0
0.001692	0.0
0.015247	1.0
0.128855	0.0
0.998183	1.0
0.001287	0.0
0.025634	0.0
0.003332	1.0
0.992856	1.0
0.998935	1.0
0.892414	1.0
0.248686	0.0
0.022373	0.0
0.024562	0.0
0.910744	1.0
0.004268	0.0
0.014930	0.0
0.823437	1.0
0.346326	1.0
0.985353	1.0
0.011257	0.0
0.022332	0.0
0.964397	0.0
0.994608	1.0
0.230340	1.0
0.086323	0.0
0.202407	0.0
0.001236	0.0
0.162669	1.0
0.157249	1.0
0.999931	1.0
0.033134	0.0
0.001252	0.0
0.036786	0.0
0.964173	0.0
0.002323	0.0
0.007364	1.0
0.006664	0.0
0.004745	0.0
0.316441	1.0
0.164599	0.0
0.287376	0.0
0.533169	1.0
0.009214	0.0
0.997419	1.0
0.007731	0.0
0.971917	1.0
0.217160	0.0
0.011374	1.0
0.991002	0.0
0.225097	0.0
0.000346	0.0
0.885515	1.0
0.893703	1.0
0.001896	0.0
0.079093	0.0
0.895203	1.0
0.999725	1.0
0.070117	0.0
0.015398	1.0
0.016768	0.0
0.241014	1.0
0.377660	0.0
0.923499	1.0
0.275989	0.0
0.013352	0.0
0.005170	0.0
0.998259	1.0
0.999913	1.0
0.601852	1.0
0.003666	0.0
0.979231	0.0
0.011160	0.0
0.955691	0.0
0.065203	0.0
0.994099	1.0
0.034242	0.0
0.750072	1.0
0.005204	0.0
0.999278	1.0
0.003180	1.0
0.014894	0.0
0.999721	1.0
0.026791	0.0
0.045951	0.0
0.049407	1.0
0.000665	0.0
0.013265	0.0
0.012438	0.0
0.001691	0.0
0.016843	0.0
0.002145	0.0
0.148344	1.0
0.947678	1.0
0.869896	1.0
0.296289	1.0
0.163918	1.0
0.986938	1.0
0.108473	0.0
0.001795	0.0
0.240680	0.0
0.703068	0.0
0.997283	1.0
0.529372	0.0
0.023124	0.0
0.309162	0.0
0.059524	1.0
0.003897	0.0
0.099482	1.0
0.999950	1.0
0.012040	0.0
0.050620	1.0
0.051735	1.0
0.030083	0.0
0.024523	1.0
0.054642	1.0
0.027053	0.0
0.996280	1.0
0.007466	0.0
0.305581	0.0
0.081616	1.0
0.989973	1.0
0.997709	1.0
0.145957	0.0
0.495752	1.0
0.056704	1.0
0.007095	0.0
0.053832	0.0
0.116055	0.0
0.020560	0.0
0.021034	1.0
0.954961	0.0
0.195890	0.0
0.018299	1.0
0.087891	0.0
0.992073	1.0
0.988973	0.0
0.131297	1.0
0.041854	0.0
0.049023	0.0
0.023377	1.0
0.071523	0.0
0.016961	1.0
0.032530	1.0
0.648377	1.0
0.781144	0.0
0.999590	1.0
0.044286	1.0
0.902285	1.0
0.379986	0.0
0.002748	0.0
0.171698	0.0
0.988688	1.0
0.038144	1.0
0.052291	0.0
0.016134	0.0
0.082533	0.0
0.035751	0.0
0.565845	0.0
0.985119	1.0
0.211034	0.0
0.997566	1.0
0.999576	1.0
0.998276	1.0
0.764844	1.0
0.993976	1.0
0.002773	1.0
0.038030	1.0
0.992843	1.0
0.122974	1.0
0.019865	0.0
0.020881	0.0
0.031613	1.0
0.010017	0.0
0.998252	1.0
0.005494	1.0
0.992123	1.0
0.189122	1.0
0.242341	0.0
0.999501	1.0
0.976785	0.0
0.990099	1.0
0.016789	1.0
0.014308	0.0
0.149367	1.0
0.006272	0.0
0.028791	1.0
0.906246	0.0
0.914330	1.0
0.050279	0.0
0.207412	1.0
0.828774	0.0
0.010776	0.0
0.001780	0.0
0.000268	0.0
0.897815	1.0
0.031236	0.0
0.015775	0.0
0.036529	0.0
0.999463	0.0
0.998970	1.0
0.031039	0.0
0.742283	0.0
0.989591	1.0
0.310201	1.0
0.768987	1.0
0.024726	0.0
0.976883	1.0
0.979310	1.0
0.725186	1.0
0.981821	0.0
0.020455	0.0
0.955620	0.0
0.968893	1.0
0.303097	0.0
0.020710	0.0
0.281687	0.0
0.982540	1.0
0.997200	1.0
0.810996	1.0
0.999963	0.0
0.990475	1.0
0.098349	1.0
0.093278	0.0
0.066593	1.0
0.010922	0.0
0.025620	0.0
0.999423	1.0
0.054297	0.0
0.003301	0.0
0.045730	0.0
0.019844	0.0
0.165271	0.0
0.100025	1.0
0.090711	0.0
0.025673	0.0
0.999506	1.0
0.009078	0.0
0.967844	0.0
0.121305	1.0
0.991317	1.0
0.961958	1.0
0.008657	0.0
0.087691	0.0
0.996391	1.0
0.980184	1.0
0.022261	0.0
0.997199	1.0
0.995869	1.0
0.013013	0.0
0.583434	0.0
0.998802	1.0
0.623353	1.0
0.999758	1.0
0.000289	0.0
0.991820	1.0
0.002090	0.0
0.018124	0.0
0.067200	0.0
0.998915	1.0
0.001543	0.0
0.140019	1.0
0.996960	1.0
0.040316	1.0
0.999574	1.0
0.020377	0.0
0.000821	0.0
0.998485	1.0
0.790376	0.0
0.979225	1.0
0.058126	0.0
0.029873	0.0
0.024450	0.0
0.044653	0.0
0.001552	0.0
0.912159	1.0
0.400495	0.0
0.995629	1.0
0.193250	0.0
0.779099	0.0
0.746780	0.0
0.025201	0.0
0.815942	1.0
0.655343	1.0
0.999826	0.0
0.008941	0.0
0.934864	1.0
0.046583	0.0
0.998095	1.0
0.000527	0.0
0.025387	0.0
0.010908	0.0
0.893053	1.0
0.753982	0.0
0.368459	0.0
0.003996	0.0
0.426673	0.0
0.879850	1.0
0.001449	0.0
0.464595	0.0
0.993016	1.0
0.014187	0.0
0.958395	1.0
0.987019	1.0
0.027531	0.0
0.153958	1.0
0.014023	0.0
0.930815	1.0
0.998504	1.0
0.007433	0.0
0.000511	0.0
0.013000	1.0
0.799400	1.0
0.013056	0.0
0.942838	1.0
0.044154	0.0
0.492148	0.0
0.897549	0.0
0.002162	1.0
0.991788	0.0
0.004941	0.0
0.016680	1.0
0.690267	1.0
0.989943	1.0
0.052264	0.0
0.175526	0.0
0.012960	0.0
0.941518	1.0
0.000614	0.0
0.005544	0.0
0.998663	0.0
0.898668	0.0
0.999825	1.0
0.036657	0.0
0.005515	0.0
0.016398	0.0
0.004263	0.0
0.965371	1.0
0.999950	1.0
0.998416	1.0
0.827716	1.0
0.994644	1.0
0.006136	0.0
0.784928	1.0
0.992794	1.0
0.145093	0.0
0.012516	0.0
0.630852	1.0
0.195686	0.0
0.003768	0.0
0.999512	0.0
0.989431	1.0
0.791966	0.0
0.033450	0.0
0.974455	1.0
0.010340	1.0
0.794477	0.0
0.029135	0.0
0.000435	0.0
0.995264	1.0
0.605669	0.0
0.012852	0.0
0.201753	0.0
0.202919	0.0
0.999553	0.0
0.184870	0.0
0.964900	0.0
0.597644	0.0
0.998821	1.0
0.088345	0.0
0.000371	0.0
0.928084	0.0
0.005117	0.0
0.000684	0.0
0.974630	1.0
0.999607	1.0
0.983795	1.0
0.890118	1.0
0.002640	0.0
0.002383	0.0
0.022267	0.0
0.005590	0.0
0.196902	0.0
0.993349	0.0
0.003746	0.0
0.018712	0.0
0.996734	1.0
0.233613	0.0
0.133523	0.0
0.951627	1.0
0.997722	1.0
0.008797	0.0
0.000583	0.0
0.780435	1.0
0.005142	0.0
0.613139	1.0
0.994258	1.0
0.928308	1.0
0.012244	0.0
0.990424	1.0
0.996218	1.0
0.012798	0.0
0.997360	1.0
0.956390	1.0
0.563565	0.0
0.998497	1.0
0.024665	0.0
0.010655	0.0
0.080455	1.0
0.999617	1.0
0.028596	0.0
0.982919	1.0
0.015803	0.0
0.000496	0.0
0.006245	1.0
0.943981	1.0
0.996354	1.0
0.096129	1.0
0.995285	1.0
0.057882	0.0
0.274858	0.0
0.145944	0.0
0.014523	0.0
0.534905	1.0
0.915971	1.0
0.003422	0.0
0.290534	1.0
0.171573	0.0
0.048856	1.0
0.001725	0.0
0.017727	1.0
0.638990	0.0
0.190967	0.0
0.998039	1.0
0.976354	1.0
0.016527	0.0
0.999932	1.0
0.000137	0.0
0.961489	1.0
0.209404	1.0
0.244072	0.0
0.957086	1.0
0.999871	1.0
0.186203	0.0
0.999370	1.0
0.044743	1.0
0.900097	1.0
0.018335	0.0
0.131267	0.0
0.337549	1.0
0.010643	0.0
0.988544	1.0
0.534898	0.0
0.093792	1.0
0.018676	0.0
0.109217	0.0
0.995917	1.0
0.861013	1.0
0.961659	1.0
0.004768	0.0
0.998397	0.0
0.390647	0.0
0.998635	1.0
0.311149	0.0
0.999579	1.0
0.923770	0.0
0.997937	1.0
0.087428	0.0
0.990722	1.0
0.099921	1.0
0.005792	0.0
0.005449	0.0
0.008006	0.0
0.997166	0.0
0.004030	0.0
0.999888	1.0
0.002861	0.0
0.042834	0.0
0.037585	0.0
0.006373	0.0
0.094707	0.0
0.545957	0.0
0.077466	0.0
0.375681	0.0
0.002368	0.0
0.108421	1.0
0.012169	0.0
0.997917	0.0
0.004515	0.0
0.018327	0.0
0.917923	1.0
0.999651	1.0
0.021516	0.0
0.020548	0.0
0.008387	0.0
0.096987	1.0
0.004056	0.0
0.700104	0.0
0.008751	1.0
0.162318	0.0
0.096419	0.0
0.158256	1.0
0.988583	0.0
0.934931	1.0
0.888801	0.0
0.020044	0.0
0.208493	1.0
0.171092	1.0
0.975642	0.0
0.711722	1.0
0.556782	1.0
0.054722	0.0
0.018012	1.0
0.036068	0.0
0.014645	0.0
0.001901	0.0
0.368733	0.0
0.030988	0.0
0.238531	1.0
0.008502	0.0
0.525886	0.0
0.962318	1.0
0.178010	1.0
0.591439	0.0
0.068792	1.0
0.004755	0.0
0.018668	1.0
0.999794	1.0
0.042807	0.0
0.225660	0.0
0.039984	0.0
0.996608	1.0
0.006041	0.0
0.999669	1.0
0.023147	0.0
0.986299	1.0
0.007590	1.0
0.001387	0.0
0.121323	0.0
0.218244	0.0
0.058378	0.0
0.165933	0.0
0.594153	1.0
0.032041	0.0
0.012531	0.0
0.933656	1.0
0.993503	1.0
0.009644	0.0
0.021933	1.0
0.965117	0.0
0.748457	0.0
0.988647	1.0
0.018814	0.0
0.988281	0.0
0.022067	0.0
0.026823	0.0
0.965415	1.0
0.000634	0.0
0.078078	0.0
0.045957	0.0
0.007719	0.0
0.953953	1.0
0.036329	0.0
0.844904	0.0
0.029052	0.0
0.999202	1.0
0.003213	0.0
0.075083	0.0
0.541281	1.0
0.058623	0.0
0.041185	0.0
0.888041	1.0
0.331856	1.0
0.609051	0.0
0.934675	1.0
0.001852	0.0
0.039241	0.0
0.014907	0.0
0.003389	0.0
0.034752	0.0
0.931778	0.0
0.032036	1.0
0.914575	1.0
0.004058	0.0
0.296398	0.0
0.021241	0.0
0.994159	1.0
0.737932	0.0
0.998238	1.0
0.004332	0.0
0.024992	0.0
0.008875	0.0
0.011039	0.0
0.996606	1.0
0.979655	1.0
0.634664	0.0
0.975788	1.0
0.023146	0.0
0.007467	0.0
0.009772	0.0
0.004278	0.0
0.955470	1.0
0.978511	1.0
0.096481	0.0
0.994942	1.0
0.989505	1.0
0.059964	0.0
0.014769	0.0
0.028966	0.0
0.999977	1.0
0.034516	0.0
0.617264	0.0
0.268333	0.0
0.977248	1.0
0.999771	1.0
0.000302	1.0
0.019471	0.0
0.996147	1.0
0.993453	0.0
0.008397	0.0
0.450980	0.0
0.999819	1.0
0.247263	0.0
0.036650	0.0
0.000872	0.0
0.947526	0.0
0.985271	1.0
0.020532	0.0
0.049594	0.0
0.019049	0.0
0.050487	1.0
0.998635	1.0
0.057668	0.0
0.999795	1.0
0.247200	1.0
0.005405	0.0
0.421438	1.0
0.997471	1.0
0.019396	0.0
0.999465	1.0
0.992009	1.0
0.025030	1.0
0.998294	1.0
0.012107	0.0
0.013089	0.0
0.052128	0.0
0.966293	1.0
0.961011	0.0
0.385522	1.0
0.031172	1.0
0.302985	1.0
0.003465	0.0
0.087202	0.0
0.294629	0.0
0.956487	0.0
0.373920	0.0
0.915945	1.0
0.000882	0.0
0.999969	1.0
0.998771	1.0
0.767983	1.0
0.984066	1.0
0.312917	0.0
0.007203	0.0
0.042388	1.0
0.073817	0.0
0.042547	0.0
0.066582	0.0
0.002204	0.0
0.370264	0.0
0.014021	1.0
0.812101	1.0
0.016359	1.0
0.028678	1.0
0.013903	0.0
0.094993	1.0
0.804163	0.0
0.999425	1.0
0.020723	0.0
0.988220	0.0
0.088091	1.0
0.991204	1.0
0.095610	1.0
0.027944	1.0
0.100742	0.0
0.195627	0.0
0.604052	1.0
0.963824	0.0
0.999174	1.0
0.964000	1.0
0.990553	1.0
0.001915	0.0
0.066008	0.0
0.000628	0.0
0.971814	1.0
0.987893	1.0
0.002510	0.0
0.067383	0.0
0.545308	0.0
0.007413	0.0
0.978162	0.0
0.970976	1.0
0.001305	0.0
0.102056	0.0
0.784478	1.0
0.222747	0.0
0.051596	0.0
0.218194	0.0
0.620176	1.0
0.006668	0.0
0.022460	0.0
0.567408	0.0
0.004233	0.0
0.065480	0.0
0.978563	1.0
0.989347	1.0
0.961635	1.0
0.003883	0.0
0.050312	0.0
0.104328	0.0
0.987348	1.0
0.340272	0.0
0.632211	0.0
0.995716	0.0
0.995749	1.0
0.029380	0.0
0.011554	0.0
0.850195	1.0
0.999699	1.0
0.036087	0.0
0.999841	1.0
0.984162	1.0
0.138879	0.0
0.044981	0.0
0.999960	1.0
0.003585	0.0
0.009853	0.0
0.115729	0.0
0.025486	0.0
0.010769	0.0
0.576176	0.0
0.002749	0.0
0.009667	0.0
0.006637	0.0
0.671258	0.0
0.021812	0.0
0.841598	0.0
0.999102	1.0
0.984445	0.0
0.848496	0.0
0.000779	0.0
0.698927	0.0
0.115459	0.0
0.053029	0.0
0.068117	0.0
0.997776	1.0
0.044600	0.0
0.025514	0.0
0.011137	1.0
0.049315	0.0
0.016589	0.0
0.886061	1.0
0.005155	0.0
0.006116	0.0
0.808083	1.0
0.034291	0.0
0.077063	1.0
0.040548	0.0
0.588417	0.0
0.002509	0.0
0.654990	1.0
0.999868	1.0
0.215804	0.0
0.007154	0.0
0.108792	1.0
0.082405	0.0
0.018828	0.0
0.999397	1.0
0.749021	0.0
0.999281	1.0
0.988500	1.0
0.867443	1.0
0.036108	0.0
0.973927	0.0
0.074242	1.0
0.004769	0.0
0.025370	1.0
0.200018	1.0
0.010199	0.0
0.084891	0.0
0.999628	1.0
0.083662	0.0
0.010031	0.0
0.961636	1.0
0.998045	1.0
0.015515	1.0
0.730717	0.0
0.002861	0.0
0.391556	1.0
0.023331	1.0
0.113818	1.0
0.006191	0.0
0.038556	0.0
0.006235	0.0
0.994478	0.0
0.010617	0.0
0.609920	0.0
0.978378	1.0
0.931930	1.0
0.054677	0.0
0.030778	1.0
0.105191	0.0
0.024018	0.0
0.846142	0.0
0.879653	1.0
0.002472	0.0
0.999490	1.0
0.039678	0.0
0.423469	0.0
0.119555	0.0
0.971542	1.0
0.705624	0.0
0.094938	1.0
0.967928	1.0
0.094728	0.0
0.016385	0.0
0.895289	1.0
0.012791	0.0
0.071368	0.0
0.078294	1.0
0.006083	0.0
0.016753	0.0
0.010378	0.0
0.949160	1.0
0.057747	0.0
0.691359	1.0
0.006680	0.0
0.999696	0.0
0.118059	1.0
0.999859	1.0
0.281246	0.0
0.999871	1.0
0.989951	0.0
0.232894	1.0
0.023498	1.0
0.094686	1.0
0.486759	0.0
0.967655	1.0
0.999937	1.0
0.594683	0.0
0.999245	1.0
0.001333	0.0
0.007214	0.0
0.004487	0.0
0.028737	0.0
0.999466	1.0
0.272148	1.0
0.970071	1.0
